0 -1 #SUP: 1023
1 -1 #SUP: 1082
1 2 -1 #SUP: 212
1 1 -1 #SUP: 210
2 -1 #SUP: 1071
2 3 -1 #SUP: 208
2 2 -1 #SUP: 226
2 1 -1 #SUP: 204
3 -1 #SUP: 1065
3 3 -1 #SUP: 708
3 5 -1 #SUP: 742
3 5 3 -1 #SUP: 408
3 5 5 -1 #SUP: 599
3 5 7 -1 #SUP: 661
3 5 7 3 -1 #SUP: 251
3 5 7 7 -1 #SUP: 372
3 5 7 0 -1 #SUP: 375
3 5 7 2 -1 #SUP: 389
3 5 7 1 -1 #SUP: 402
3 5 0 -1 #SUP: 629
3 5 2 -1 #SUP: 678
3 5 4 -1 #SUP: 306
3 5 6 -1 #SUP: 620
3 5 6 3 -1 #SUP: 302
3 5 6 5 -1 #SUP: 235
3 5 6 7 -1 #SUP: 474
3 5 6 7 3 -1 #SUP: 207
3 5 6 7 7 -1 #SUP: 291
3 5 6 7 0 -1 #SUP: 290
3 5 6 7 2 -1 #SUP: 308
3 5 6 7 1 -1 #SUP: 316
3 5 6 0 -1 #SUP: 456
3 5 6 2 -1 #SUP: 495
3 5 6 6 -1 #SUP: 365
3 5 6 1 -1 #SUP: 497
3 5 1 -1 #SUP: 686
3 7 -1 #SUP: 758
3 7 3 -1 #SUP: 312
3 7 7 -1 #SUP: 433
3 7 0 -1 #SUP: 425
3 7 2 -1 #SUP: 461
3 7 6 -1 #SUP: 222
3 7 1 -1 #SUP: 470
3 0 -1 #SUP: 727
3 2 -1 #SUP: 846
3 4 -1 #SUP: 677
3 4 3 -1 #SUP: 326
3 4 5 -1 #SUP: 451
3 4 5 3 -1 #SUP: 251
3 4 5 5 -1 #SUP: 371
3 4 5 7 -1 #SUP: 417
3 4 5 7 7 -1 #SUP: 255
3 4 5 7 0 -1 #SUP: 258
3 4 5 7 2 -1 #SUP: 258
3 4 5 7 1 -1 #SUP: 273
3 4 5 0 -1 #SUP: 403
3 4 5 2 -1 #SUP: 414
3 4 5 6 -1 #SUP: 390
3 4 5 6 3 -1 #SUP: 203
3 4 5 6 7 -1 #SUP: 321
3 4 5 6 7 7 -1 #SUP: 210
3 4 5 6 7 0 -1 #SUP: 209
3 4 5 6 7 2 -1 #SUP: 215
3 4 5 6 7 1 -1 #SUP: 224
3 4 5 6 0 -1 #SUP: 311
3 4 5 6 2 -1 #SUP: 326
3 4 5 6 6 -1 #SUP: 240
3 4 5 6 1 -1 #SUP: 329
3 4 5 1 -1 #SUP: 423
3 4 7 -1 #SUP: 453
3 4 7 7 -1 #SUP: 280
3 4 7 0 -1 #SUP: 282
3 4 7 2 -1 #SUP: 284
3 4 7 1 -1 #SUP: 298
3 4 0 -1 #SUP: 439
3 4 2 -1 #SUP: 459
3 4 4 -1 #SUP: 330
3 4 6 -1 #SUP: 451
3 4 6 3 -1 #SUP: 219
3 4 6 7 -1 #SUP: 340
3 4 6 7 7 -1 #SUP: 223
3 4 6 7 0 -1 #SUP: 222
3 4 6 7 2 -1 #SUP: 229
3 4 6 7 1 -1 #SUP: 238
3 4 6 0 -1 #SUP: 329
3 4 6 2 -1 #SUP: 345
3 4 6 6 -1 #SUP: 254
3 4 6 1 -1 #SUP: 348
3 4 1 -1 #SUP: 467
3 6 -1 #SUP: 761
3 6 3 -1 #SUP: 335
3 6 5 -1 #SUP: 251
3 6 7 -1 #SUP: 509
3 6 7 3 -1 #SUP: 228
3 6 7 7 -1 #SUP: 309
3 6 7 0 -1 #SUP: 308
3 6 7 2 -1 #SUP: 331
3 6 7 1 -1 #SUP: 339
3 6 0 -1 #SUP: 484
3 6 2 -1 #SUP: 532
3 6 6 -1 #SUP: 390
3 6 1 -1 #SUP: 534
3 1 -1 #SUP: 801
4 -1 #SUP: 1032
4 3 -1 #SUP: 374
4 5 -1 #SUP: 518
4 5 3 -1 #SUP: 287
4 5 5 -1 #SUP: 430
4 5 7 -1 #SUP: 479
4 5 7 3 -1 #SUP: 196
4 5 7 7 -1 #SUP: 287
4 5 7 0 -1 #SUP: 294
4 5 7 2 -1 #SUP: 298
4 5 7 1 -1 #SUP: 317
4 5 0 -1 #SUP: 460
4 5 2 -1 #SUP: 475
4 5 4 -1 #SUP: 202
4 5 6 -1 #SUP: 448
4 5 6 3 -1 #SUP: 229
4 5 6 7 -1 #SUP: 366
4 5 6 7 7 -1 #SUP: 234
4 5 6 7 0 -1 #SUP: 237
4 5 6 7 2 -1 #SUP: 248
4 5 6 7 1 -1 #SUP: 259
4 5 6 0 -1 #SUP: 348
4 5 6 2 -1 #SUP: 371
4 5 6 6 -1 #SUP: 275
4 5 6 1 -1 #SUP: 376
4 5 1 -1 #SUP: 488
4 7 -1 #SUP: 521
4 7 3 -1 #SUP: 220
4 7 7 -1 #SUP: 316
4 7 0 -1 #SUP: 321
4 7 2 -1 #SUP: 328
4 7 1 -1 #SUP: 345
4 0 -1 #SUP: 501
4 2 -1 #SUP: 526
4 4 -1 #SUP: 374
4 6 -1 #SUP: 514
4 6 3 -1 #SUP: 245
4 6 7 -1 #SUP: 385
4 6 7 7 -1 #SUP: 247
4 6 7 0 -1 #SUP: 250
4 6 7 2 -1 #SUP: 262
4 6 7 1 -1 #SUP: 273
4 6 0 -1 #SUP: 366
4 6 2 -1 #SUP: 390
4 6 6 -1 #SUP: 289
4 6 1 -1 #SUP: 395
4 1 -1 #SUP: 538
5 -1 #SUP: 1084
5 3 -1 #SUP: 454
5 5 -1 #SUP: 673
5 7 -1 #SUP: 735
5 7 3 -1 #SUP: 279
5 7 7 -1 #SUP: 411
5 7 0 -1 #SUP: 416
5 7 2 -1 #SUP: 436
5 7 6 -1 #SUP: 199
5 7 1 -1 #SUP: 454
5 0 -1 #SUP: 700
5 2 -1 #SUP: 756
5 4 -1 #SUP: 339
5 6 -1 #SUP: 689
5 6 3 -1 #SUP: 332
5 6 5 -1 #SUP: 262
5 6 7 -1 #SUP: 525
5 6 7 3 -1 #SUP: 231
5 6 7 7 -1 #SUP: 320
5 6 7 0 -1 #SUP: 322
5 6 7 2 -1 #SUP: 346
5 6 7 1 -1 #SUP: 356
5 6 0 -1 #SUP: 498
5 6 2 -1 #SUP: 546
5 6 6 -1 #SUP: 405
5 6 1 -1 #SUP: 550
5 1 -1 #SUP: 768
6 -1 #SUP: 1072
6 3 -1 #SUP: 401
6 5 -1 #SUP: 294
6 7 -1 #SUP: 603
6 7 3 -1 #SUP: 271
6 7 7 -1 #SUP: 355
6 7 0 -1 #SUP: 354
6 7 2 -1 #SUP: 397
6 7 1 -1 #SUP: 407
6 0 -1 #SUP: 551
6 2 -1 #SUP: 632
6 6 -1 #SUP: 454
6 1 -1 #SUP: 634
7 -1 #SUP: 1065
7 3 -1 #SUP: 423
7 7 -1 #SUP: 549
7 0 -1 #SUP: 532
7 2 -1 #SUP: 611
7 6 -1 #SUP: 262
7 1 -1 #SUP: 629
