1 -1 #SUP: 6625
1 1 -1 #SUP: 6624
1 1 1 -1 #SUP: 6619
1 1 1 1 -1 #SUP: 6607
1 1 1 1 1 -1 #SUP: 6585
1 1 1 1 1 1 -1 #SUP: 6520
1 1 1 1 1 1 1 -1 #SUP: 6403
1 1 1 1 1 1 1 1 -1 #SUP: 6214
1 1 1 1 1 1 1 1 1 -1 #SUP: 5910
1 1 1 1 1 1 1 1 1 1 -1 #SUP: 5508
1 1 1 1 1 1 1 2 -1 #SUP: 5441
1 1 1 1 1 1 2 -1 #SUP: 5639
1 1 1 1 1 2 -1 #SUP: 5772
1 1 1 1 1 2 1 -1 #SUP: 5374
1 1 1 1 2 -1 #SUP: 5825
1 1 1 1 2 1 -1 #SUP: 5493
1 1 1 2 -1 #SUP: 5871
1 1 1 2 1 -1 #SUP: 5567
1 1 1 2 1 1 -1 #SUP: 5405
1 1 2 -1 #SUP: 5913
1 1 2 1 -1 #SUP: 5635
1 1 2 1 1 -1 #SUP: 5491
1 1 2 1 1 1 -1 #SUP: 5377
1 2 -1 #SUP: 5940
1 2 1 -1 #SUP: 5675
1 2 1 1 -1 #SUP: 5544
1 2 1 1 1 -1 #SUP: 5451
1 2 1 1 1 1 -1 #SUP: 5303
2 -1 #SUP: 5962
2 1 -1 #SUP: 5705
2 1 1 -1 #SUP: 5579
2 1 1 1 -1 #SUP: 5490
2 1 1 1 1 -1 #SUP: 5351
3 -1 #SUP: 6092
3 1 -1 #SUP: 5997
3 1 1 -1 #SUP: 5988
3 1 1 1 -1 #SUP: 5981
3 1 1 1 1 -1 #SUP: 5963
3 1 1 1 1 1 -1 #SUP: 5942
3 1 1 1 1 1 1 -1 #SUP: 5880
3 1 1 1 1 1 1 1 -1 #SUP: 5775
3 1 1 1 1 1 1 1 1 -1 #SUP: 5609
3 1 1 1 1 1 1 1 1 1 -1 #SUP: 5325
3 1 1 2 -1 #SUP: 5304
3 1 2 -1 #SUP: 5336
3 2 -1 #SUP: 5450
3 5 -1 #SUP: 5965
3 5 1 -1 #SUP: 5965
3 5 1 1 -1 #SUP: 5965
3 5 1 1 1 -1 #SUP: 5962
3 5 1 1 1 1 -1 #SUP: 5951
3 5 1 1 1 1 1 -1 #SUP: 5932
3 5 1 1 1 1 1 1 -1 #SUP: 5872
3 5 1 1 1 1 1 1 1 -1 #SUP: 5769
3 5 1 1 1 1 1 1 1 1 -1 #SUP: 5604
3 5 1 1 1 1 1 1 1 1 1 -1 #SUP: 5322
3 5 1 2 -1 #SUP: 5304
3 5 2 -1 #SUP: 5323
3 5 5 -1 #SUP: 5960
3 5 5 1 -1 #SUP: 5960
3 5 5 1 1 -1 #SUP: 5960
3 5 5 1 1 1 -1 #SUP: 5957
3 5 5 1 1 1 1 -1 #SUP: 5947
3 5 5 1 1 1 1 1 -1 #SUP: 5928
3 5 5 1 1 1 1 1 1 -1 #SUP: 5868
3 5 5 1 1 1 1 1 1 1 -1 #SUP: 5765
3 5 5 1 1 1 1 1 1 1 1 -1 #SUP: 5600
3 5 5 1 1 1 1 1 1 1 1 1 -1 #SUP: 5319
3 5 5 2 -1 #SUP: 5318
3 5 5 5 -1 #SUP: 5954
3 5 5 5 1 -1 #SUP: 5954
3 5 5 5 1 1 -1 #SUP: 5954
3 5 5 5 1 1 1 -1 #SUP: 5951
3 5 5 5 1 1 1 1 -1 #SUP: 5942
3 5 5 5 1 1 1 1 1 -1 #SUP: 5923
3 5 5 5 1 1 1 1 1 1 -1 #SUP: 5864
3 5 5 5 1 1 1 1 1 1 1 -1 #SUP: 5763
3 5 5 5 1 1 1 1 1 1 1 1 -1 #SUP: 5599
3 5 5 5 1 1 1 1 1 1 1 1 1 -1 #SUP: 5318
3 5 5 5 2 -1 #SUP: 5312
3 5 5 5 5 -1 #SUP: 5945
3 5 5 5 5 1 -1 #SUP: 5945
3 5 5 5 5 1 1 -1 #SUP: 5945
3 5 5 5 5 1 1 1 -1 #SUP: 5942
3 5 5 5 5 1 1 1 1 -1 #SUP: 5933
3 5 5 5 5 1 1 1 1 1 -1 #SUP: 5915
3 5 5 5 5 1 1 1 1 1 1 -1 #SUP: 5856
3 5 5 5 5 1 1 1 1 1 1 1 -1 #SUP: 5757
3 5 5 5 5 1 1 1 1 1 1 1 1 -1 #SUP: 5595
3 5 5 5 5 1 1 1 1 1 1 1 1 1 -1 #SUP: 5315
3 5 5 5 5 2 -1 #SUP: 5303
3 5 5 5 5 5 -1 #SUP: 5903
3 5 5 5 5 5 1 -1 #SUP: 5903
3 5 5 5 5 5 1 1 -1 #SUP: 5903
3 5 5 5 5 5 1 1 1 -1 #SUP: 5901
3 5 5 5 5 5 1 1 1 1 -1 #SUP: 5894
3 5 5 5 5 5 1 1 1 1 1 -1 #SUP: 5879
3 5 5 5 5 5 1 1 1 1 1 1 -1 #SUP: 5825
3 5 5 5 5 5 1 1 1 1 1 1 1 -1 #SUP: 5735
3 5 5 5 5 5 1 1 1 1 1 1 1 1 -1 #SUP: 5580
3 5 5 5 5 5 1 1 1 1 1 1 1 1 1 -1 #SUP: 5311
3 5 5 5 5 5 5 -1 #SUP: 5825
3 5 5 5 5 5 5 1 -1 #SUP: 5825
3 5 5 5 5 5 5 1 1 -1 #SUP: 5825
3 5 5 5 5 5 5 1 1 1 -1 #SUP: 5823
3 5 5 5 5 5 5 1 1 1 1 -1 #SUP: 5818
3 5 5 5 5 5 5 1 1 1 1 1 -1 #SUP: 5803
3 5 5 5 5 5 5 1 1 1 1 1 1 -1 #SUP: 5762
3 5 5 5 5 5 5 1 1 1 1 1 1 1 -1 #SUP: 5690
3 5 5 5 5 5 5 1 1 1 1 1 1 1 1 -1 #SUP: 5554
3 5 5 5 5 5 5 5 -1 #SUP: 5693
3 5 5 5 5 5 5 5 1 -1 #SUP: 5693
3 5 5 5 5 5 5 5 1 1 -1 #SUP: 5693
3 5 5 5 5 5 5 5 1 1 1 -1 #SUP: 5691
3 5 5 5 5 5 5 5 1 1 1 1 -1 #SUP: 5688
3 5 5 5 5 5 5 5 1 1 1 1 1 -1 #SUP: 5679
3 5 5 5 5 5 5 5 1 1 1 1 1 1 -1 #SUP: 5649
3 5 5 5 5 5 5 5 1 1 1 1 1 1 1 -1 #SUP: 5594
3 5 5 5 5 5 5 5 5 -1 #SUP: 5518
3 5 5 5 5 5 5 5 5 1 -1 #SUP: 5518
3 5 5 5 5 5 5 5 5 1 1 -1 #SUP: 5518
3 5 5 5 5 5 5 5 5 1 1 1 -1 #SUP: 5518
3 5 5 5 5 5 5 5 5 1 1 1 1 -1 #SUP: 5515
3 5 5 5 5 5 5 5 5 1 1 1 1 1 -1 #SUP: 5511
3 5 5 5 5 5 5 5 5 1 1 1 1 1 1 -1 #SUP: 5495
3 5 5 5 5 5 5 7 -1 #SUP: 5384
3 5 5 5 5 5 5 7 1 -1 #SUP: 5384
3 5 5 5 5 5 5 7 1 1 -1 #SUP: 5383
3 5 5 5 5 5 5 7 1 1 1 -1 #SUP: 5381
3 5 5 5 5 5 5 7 1 1 1 1 -1 #SUP: 5375
3 5 5 5 5 5 5 7 1 1 1 1 1 -1 #SUP: 5359
3 5 5 5 5 5 5 7 1 1 1 1 1 1 -1 #SUP: 5318
3 5 5 5 5 5 7 -1 #SUP: 5457
3 5 5 5 5 5 7 1 -1 #SUP: 5457
3 5 5 5 5 5 7 1 1 -1 #SUP: 5456
3 5 5 5 5 5 7 1 1 1 -1 #SUP: 5454
3 5 5 5 5 5 7 1 1 1 1 -1 #SUP: 5446
3 5 5 5 5 5 7 1 1 1 1 1 -1 #SUP: 5430
3 5 5 5 5 5 7 1 1 1 1 1 1 -1 #SUP: 5378
3 5 5 5 5 7 -1 #SUP: 5502
3 5 5 5 5 7 1 -1 #SUP: 5502
3 5 5 5 5 7 1 1 -1 #SUP: 5501
3 5 5 5 5 7 1 1 1 -1 #SUP: 5498
3 5 5 5 5 7 1 1 1 1 -1 #SUP: 5488
3 5 5 5 5 7 1 1 1 1 1 -1 #SUP: 5469
3 5 5 5 5 7 1 1 1 1 1 1 -1 #SUP: 5410
3 5 5 5 5 7 1 1 1 1 1 1 1 -1 #SUP: 5314
3 5 5 5 6 -1 #SUP: 5325
3 5 5 5 6 1 -1 #SUP: 5325
3 5 5 5 6 1 1 -1 #SUP: 5322
3 5 5 5 6 1 1 1 -1 #SUP: 5317
3 5 5 5 6 1 1 1 1 -1 #SUP: 5308
3 5 5 5 7 -1 #SUP: 5518
3 5 5 5 7 1 -1 #SUP: 5518
3 5 5 5 7 1 1 -1 #SUP: 5517
3 5 5 5 7 1 1 1 -1 #SUP: 5514
3 5 5 5 7 1 1 1 1 -1 #SUP: 5504
3 5 5 5 7 1 1 1 1 1 -1 #SUP: 5484
3 5 5 5 7 1 1 1 1 1 1 -1 #SUP: 5425
3 5 5 5 7 1 1 1 1 1 1 1 -1 #SUP: 5327
3 5 5 6 -1 #SUP: 5368
3 5 5 6 1 -1 #SUP: 5368
3 5 5 6 1 1 -1 #SUP: 5366
3 5 5 6 1 1 1 -1 #SUP: 5361
3 5 5 6 1 1 1 1 -1 #SUP: 5351
3 5 5 6 1 1 1 1 1 -1 #SUP: 5334
3 5 5 7 -1 #SUP: 5532
3 5 5 7 1 -1 #SUP: 5532
3 5 5 7 1 1 -1 #SUP: 5531
3 5 5 7 1 1 1 -1 #SUP: 5528
3 5 5 7 1 1 1 1 -1 #SUP: 5517
3 5 5 7 1 1 1 1 1 -1 #SUP: 5497
3 5 5 7 1 1 1 1 1 1 -1 #SUP: 5437
3 5 5 7 1 1 1 1 1 1 1 -1 #SUP: 5337
3 5 6 -1 #SUP: 5402
3 5 6 1 -1 #SUP: 5402
3 5 6 1 1 -1 #SUP: 5400
3 5 6 1 1 1 -1 #SUP: 5395
3 5 6 1 1 1 1 -1 #SUP: 5385
3 5 6 1 1 1 1 1 -1 #SUP: 5368
3 5 6 1 1 1 1 1 1 -1 #SUP: 5305
3 5 7 -1 #SUP: 5543
3 5 7 1 -1 #SUP: 5543
3 5 7 1 1 -1 #SUP: 5542
3 5 7 1 1 1 -1 #SUP: 5539
3 5 7 1 1 1 1 -1 #SUP: 5527
3 5 7 1 1 1 1 1 -1 #SUP: 5507
3 5 7 1 1 1 1 1 1 -1 #SUP: 5447
3 5 7 1 1 1 1 1 1 1 -1 #SUP: 5346
3 6 -1 #SUP: 5412
3 6 1 -1 #SUP: 5412
3 6 1 1 -1 #SUP: 5410
3 6 1 1 1 -1 #SUP: 5405
3 6 1 1 1 1 -1 #SUP: 5394
3 6 1 1 1 1 1 -1 #SUP: 5377
3 6 1 1 1 1 1 1 -1 #SUP: 5314
3 7 -1 #SUP: 5547
3 7 1 -1 #SUP: 5547
3 7 1 1 -1 #SUP: 5546
3 7 1 1 1 -1 #SUP: 5543
3 7 1 1 1 1 -1 #SUP: 5531
3 7 1 1 1 1 1 -1 #SUP: 5511
3 7 1 1 1 1 1 1 -1 #SUP: 5451
3 7 1 1 1 1 1 1 1 -1 #SUP: 5349
5 -1 #SUP: 6625
5 1 -1 #SUP: 6625
5 1 1 -1 #SUP: 6624
5 1 1 1 -1 #SUP: 6619
5 1 1 1 1 -1 #SUP: 6607
5 1 1 1 1 1 -1 #SUP: 6585
5 1 1 1 1 1 1 -1 #SUP: 6520
5 1 1 1 1 1 1 1 -1 #SUP: 6403
5 1 1 1 1 1 1 1 1 -1 #SUP: 6214
5 1 1 1 1 1 1 1 1 1 -1 #SUP: 5910
5 1 1 1 1 1 1 1 1 1 1 -1 #SUP: 5508
5 1 1 1 1 1 1 1 2 -1 #SUP: 5441
5 1 1 1 1 1 1 2 -1 #SUP: 5639
5 1 1 1 1 1 2 -1 #SUP: 5772
5 1 1 1 1 1 2 1 -1 #SUP: 5374
5 1 1 1 1 2 -1 #SUP: 5825
5 1 1 1 1 2 1 -1 #SUP: 5493
5 1 1 1 2 -1 #SUP: 5871
5 1 1 1 2 1 -1 #SUP: 5567
5 1 1 1 2 1 1 -1 #SUP: 5405
5 1 1 2 -1 #SUP: 5913
5 1 1 2 1 -1 #SUP: 5635
5 1 1 2 1 1 -1 #SUP: 5491
5 1 1 2 1 1 1 -1 #SUP: 5377
5 1 2 -1 #SUP: 5940
5 1 2 1 -1 #SUP: 5675
5 1 2 1 1 -1 #SUP: 5544
5 1 2 1 1 1 -1 #SUP: 5451
5 1 2 1 1 1 1 -1 #SUP: 5303
5 2 -1 #SUP: 5962
5 2 1 -1 #SUP: 5705
5 2 1 1 -1 #SUP: 5579
5 2 1 1 1 -1 #SUP: 5490
5 2 1 1 1 1 -1 #SUP: 5351
5 5 -1 #SUP: 6625
5 5 1 -1 #SUP: 6625
5 5 1 1 -1 #SUP: 6624
5 5 1 1 1 -1 #SUP: 6619
5 5 1 1 1 1 -1 #SUP: 6607
5 5 1 1 1 1 1 -1 #SUP: 6585
5 5 1 1 1 1 1 1 -1 #SUP: 6520
5 5 1 1 1 1 1 1 1 -1 #SUP: 6403
5 5 1 1 1 1 1 1 1 1 -1 #SUP: 6214
5 5 1 1 1 1 1 1 1 1 1 -1 #SUP: 5910
5 5 1 1 1 1 1 1 1 1 1 1 -1 #SUP: 5508
5 5 1 1 1 1 1 1 1 2 -1 #SUP: 5441
5 5 1 1 1 1 1 1 2 -1 #SUP: 5639
5 5 1 1 1 1 1 2 -1 #SUP: 5772
5 5 1 1 1 1 1 2 1 -1 #SUP: 5374
5 5 1 1 1 1 2 -1 #SUP: 5825
5 5 1 1 1 1 2 1 -1 #SUP: 5493
5 5 1 1 1 2 -1 #SUP: 5871
5 5 1 1 1 2 1 -1 #SUP: 5567
5 5 1 1 1 2 1 1 -1 #SUP: 5405
5 5 1 1 2 -1 #SUP: 5913
5 5 1 1 2 1 -1 #SUP: 5635
5 5 1 1 2 1 1 -1 #SUP: 5491
5 5 1 1 2 1 1 1 -1 #SUP: 5377
5 5 1 2 -1 #SUP: 5940
5 5 1 2 1 -1 #SUP: 5675
5 5 1 2 1 1 -1 #SUP: 5544
5 5 1 2 1 1 1 -1 #SUP: 5451
5 5 1 2 1 1 1 1 -1 #SUP: 5303
5 5 2 -1 #SUP: 5962
5 5 2 1 -1 #SUP: 5705
5 5 2 1 1 -1 #SUP: 5579
5 5 2 1 1 1 -1 #SUP: 5490
5 5 2 1 1 1 1 -1 #SUP: 5351
5 5 5 -1 #SUP: 6620
5 5 5 1 -1 #SUP: 6620
5 5 5 1 1 -1 #SUP: 6619
5 5 5 1 1 1 -1 #SUP: 6615
5 5 5 1 1 1 1 -1 #SUP: 6604
5 5 5 1 1 1 1 1 -1 #SUP: 6582
5 5 5 1 1 1 1 1 1 -1 #SUP: 6518
5 5 5 1 1 1 1 1 1 1 -1 #SUP: 6403
5 5 5 1 1 1 1 1 1 1 1 -1 #SUP: 6214
5 5 5 1 1 1 1 1 1 1 1 1 -1 #SUP: 5910
5 5 5 1 1 1 1 1 1 1 1 1 1 -1 #SUP: 5508
5 5 5 1 1 1 1 1 1 1 2 -1 #SUP: 5441
5 5 5 1 1 1 1 1 1 2 -1 #SUP: 5637
5 5 5 1 1 1 1 1 2 -1 #SUP: 5769
5 5 5 1 1 1 1 1 2 1 -1 #SUP: 5372
5 5 5 1 1 1 1 2 -1 #SUP: 5822
5 5 5 1 1 1 1 2 1 -1 #SUP: 5490
5 5 5 1 1 1 2 -1 #SUP: 5867
5 5 5 1 1 1 2 1 -1 #SUP: 5564
5 5 5 1 1 1 2 1 1 -1 #SUP: 5402
5 5 5 1 1 2 -1 #SUP: 5909
5 5 5 1 1 2 1 -1 #SUP: 5631
5 5 5 1 1 2 1 1 -1 #SUP: 5488
5 5 5 1 1 2 1 1 1 -1 #SUP: 5375
5 5 5 1 2 -1 #SUP: 5935
5 5 5 1 2 1 -1 #SUP: 5670
5 5 5 1 2 1 1 -1 #SUP: 5540
5 5 5 1 2 1 1 1 -1 #SUP: 5449
5 5 5 1 2 1 1 1 1 -1 #SUP: 5302
5 5 5 2 -1 #SUP: 5957
5 5 5 2 1 -1 #SUP: 5700
5 5 5 2 1 1 -1 #SUP: 5574
5 5 5 2 1 1 1 -1 #SUP: 5488
5 5 5 2 1 1 1 1 -1 #SUP: 5350
5 5 5 5 -1 #SUP: 6616
5 5 5 5 1 -1 #SUP: 6616
5 5 5 5 1 1 -1 #SUP: 6615
5 5 5 5 1 1 1 -1 #SUP: 6611
5 5 5 5 1 1 1 1 -1 #SUP: 6600
5 5 5 5 1 1 1 1 1 -1 #SUP: 6579
5 5 5 5 1 1 1 1 1 1 -1 #SUP: 6515
5 5 5 5 1 1 1 1 1 1 1 -1 #SUP: 6402
5 5 5 5 1 1 1 1 1 1 1 1 -1 #SUP: 6214
5 5 5 5 1 1 1 1 1 1 1 1 1 -1 #SUP: 5910
5 5 5 5 1 1 1 1 1 1 1 1 1 1 -1 #SUP: 5507
5 5 5 5 1 1 1 1 1 1 1 2 -1 #SUP: 5440
5 5 5 5 1 1 1 1 1 1 2 -1 #SUP: 5635
5 5 5 5 1 1 1 1 1 2 -1 #SUP: 5766
5 5 5 5 1 1 1 1 1 2 1 -1 #SUP: 5369
5 5 5 5 1 1 1 1 2 -1 #SUP: 5819
5 5 5 5 1 1 1 1 2 1 -1 #SUP: 5487
5 5 5 5 1 1 1 2 -1 #SUP: 5864
5 5 5 5 1 1 1 2 1 -1 #SUP: 5561
5 5 5 5 1 1 1 2 1 1 -1 #SUP: 5399
5 5 5 5 1 1 2 -1 #SUP: 5905
5 5 5 5 1 1 2 1 -1 #SUP: 5627
5 5 5 5 1 1 2 1 1 -1 #SUP: 5484
5 5 5 5 1 1 2 1 1 1 -1 #SUP: 5373
5 5 5 5 1 2 -1 #SUP: 5931
5 5 5 5 1 2 1 -1 #SUP: 5666
5 5 5 5 1 2 1 1 -1 #SUP: 5536
5 5 5 5 1 2 1 1 1 -1 #SUP: 5447
5 5 5 5 1 2 1 1 1 1 -1 #SUP: 5300
5 5 5 5 2 -1 #SUP: 5953
5 5 5 5 2 1 -1 #SUP: 5696
5 5 5 5 2 1 1 -1 #SUP: 5570
5 5 5 5 2 1 1 1 -1 #SUP: 5486
5 5 5 5 2 1 1 1 1 -1 #SUP: 5348
5 5 5 5 5 -1 #SUP: 6573
5 5 5 5 5 1 -1 #SUP: 6573
5 5 5 5 5 1 1 -1 #SUP: 6572
5 5 5 5 5 1 1 1 -1 #SUP: 6569
5 5 5 5 5 1 1 1 1 -1 #SUP: 6561
5 5 5 5 5 1 1 1 1 1 -1 #SUP: 6544
5 5 5 5 5 1 1 1 1 1 1 -1 #SUP: 6485
5 5 5 5 5 1 1 1 1 1 1 1 -1 #SUP: 6381
5 5 5 5 5 1 1 1 1 1 1 1 1 -1 #SUP: 6202
5 5 5 5 5 1 1 1 1 1 1 1 1 1 -1 #SUP: 5907
5 5 5 5 5 1 1 1 1 1 1 1 1 1 1 -1 #SUP: 5506
5 5 5 5 5 1 1 1 1 1 1 1 2 -1 #SUP: 5422
5 5 5 5 5 1 1 1 1 1 1 2 -1 #SUP: 5610
5 5 5 5 5 1 1 1 1 1 2 -1 #SUP: 5734
5 5 5 5 5 1 1 1 1 1 2 1 -1 #SUP: 5341
5 5 5 5 5 1 1 1 1 2 -1 #SUP: 5783
5 5 5 5 5 1 1 1 1 2 1 -1 #SUP: 5454
5 5 5 5 5 1 1 1 2 -1 #SUP: 5825
5 5 5 5 5 1 1 1 2 1 -1 #SUP: 5525
5 5 5 5 5 1 1 1 2 1 1 -1 #SUP: 5365
5 5 5 5 5 1 1 2 -1 #SUP: 5864
5 5 5 5 5 1 1 2 1 -1 #SUP: 5588
5 5 5 5 5 1 1 2 1 1 -1 #SUP: 5447
5 5 5 5 5 1 1 2 1 1 1 -1 #SUP: 5341
5 5 5 5 5 1 2 -1 #SUP: 5890
5 5 5 5 5 1 2 1 -1 #SUP: 5626
5 5 5 5 5 1 2 1 1 -1 #SUP: 5499
5 5 5 5 5 1 2 1 1 1 -1 #SUP: 5413
5 5 5 5 5 2 -1 #SUP: 5912
5 5 5 5 5 2 1 -1 #SUP: 5655
5 5 5 5 5 2 1 1 -1 #SUP: 5532
5 5 5 5 5 2 1 1 1 -1 #SUP: 5451
5 5 5 5 5 2 1 1 1 1 -1 #SUP: 5319
5 5 5 5 5 5 -1 #SUP: 6480
5 5 5 5 5 5 1 -1 #SUP: 6480
5 5 5 5 5 5 1 1 -1 #SUP: 6479
5 5 5 5 5 5 1 1 1 -1 #SUP: 6476
5 5 5 5 5 5 1 1 1 1 -1 #SUP: 6470
5 5 5 5 5 5 1 1 1 1 1 -1 #SUP: 6454
5 5 5 5 5 5 1 1 1 1 1 1 -1 #SUP: 6409
5 5 5 5 5 5 1 1 1 1 1 1 1 -1 #SUP: 6327
5 5 5 5 5 5 1 1 1 1 1 1 1 1 -1 #SUP: 6171
5 5 5 5 5 5 1 1 1 1 1 1 1 1 1 -1 #SUP: 5890
5 5 5 5 5 5 1 1 1 1 1 1 1 2 -1 #SUP: 5374
5 5 5 5 5 5 1 1 1 1 1 1 2 -1 #SUP: 5546
5 5 5 5 5 5 1 1 1 1 1 2 -1 #SUP: 5648
5 5 5 5 5 5 1 1 1 1 2 -1 #SUP: 5694
5 5 5 5 5 5 1 1 1 1 2 1 -1 #SUP: 5367
5 5 5 5 5 5 1 1 1 2 -1 #SUP: 5734
5 5 5 5 5 5 1 1 1 2 1 -1 #SUP: 5436
5 5 5 5 5 5 1 1 2 -1 #SUP: 5773
5 5 5 5 5 5 1 1 2 1 -1 #SUP: 5497
5 5 5 5 5 5 1 1 2 1 1 -1 #SUP: 5361
5 5 5 5 5 5 1 2 -1 #SUP: 5799
5 5 5 5 5 5 1 2 1 -1 #SUP: 5535
5 5 5 5 5 5 1 2 1 1 -1 #SUP: 5411
5 5 5 5 5 5 1 2 1 1 1 -1 #SUP: 5326
5 5 5 5 5 5 2 -1 #SUP: 5820
5 5 5 5 5 5 2 1 -1 #SUP: 5563
5 5 5 5 5 5 2 1 1 -1 #SUP: 5443
5 5 5 5 5 5 2 1 1 1 -1 #SUP: 5363
5 5 5 5 5 5 5 -1 #SUP: 6331
5 5 5 5 5 5 5 1 -1 #SUP: 6331
5 5 5 5 5 5 5 1 1 -1 #SUP: 6331
5 5 5 5 5 5 5 1 1 1 -1 #SUP: 6328
5 5 5 5 5 5 5 1 1 1 1 -1 #SUP: 6324
5 5 5 5 5 5 5 1 1 1 1 1 -1 #SUP: 6315
5 5 5 5 5 5 5 1 1 1 1 1 1 -1 #SUP: 6282
5 5 5 5 5 5 5 1 1 1 1 1 1 1 -1 #SUP: 6219
5 5 5 5 5 5 5 1 1 1 1 1 1 1 1 -1 #SUP: 6105
5 5 5 5 5 5 5 1 1 1 1 1 1 2 -1 #SUP: 5429
5 5 5 5 5 5 5 1 1 1 1 1 2 -1 #SUP: 5513
5 5 5 5 5 5 5 1 1 1 1 2 -1 #SUP: 5552
5 5 5 5 5 5 5 1 1 1 2 -1 #SUP: 5589
5 5 5 5 5 5 5 1 1 2 -1 #SUP: 5627
5 5 5 5 5 5 5 1 1 2 1 -1 #SUP: 5352
5 5 5 5 5 5 5 1 2 -1 #SUP: 5652
5 5 5 5 5 5 5 1 2 1 -1 #SUP: 5390
5 5 5 5 5 5 5 2 -1 #SUP: 5673
5 5 5 5 5 5 5 2 1 -1 #SUP: 5416
5 5 5 5 5 5 5 5 -1 #SUP: 6134
5 5 5 5 5 5 5 5 1 -1 #SUP: 6134
5 5 5 5 5 5 5 5 1 1 -1 #SUP: 6134
5 5 5 5 5 5 5 5 1 1 1 -1 #SUP: 6134
5 5 5 5 5 5 5 5 1 1 1 1 -1 #SUP: 6131
5 5 5 5 5 5 5 5 1 1 1 1 1 -1 #SUP: 6127
5 5 5 5 5 5 5 5 1 1 1 1 1 1 -1 #SUP: 6109
5 5 5 5 5 5 5 5 1 1 1 1 1 1 1 -1 #SUP: 6074
5 5 5 5 5 5 5 5 1 1 1 1 1 2 -1 #SUP: 5330
5 5 5 5 5 5 5 5 1 1 1 1 2 -1 #SUP: 5362
5 5 5 5 5 5 5 5 1 1 1 2 -1 #SUP: 5397
5 5 5 5 5 5 5 5 1 1 2 -1 #SUP: 5432
5 5 5 5 5 5 5 5 1 2 -1 #SUP: 5457
5 5 5 5 5 5 5 5 2 -1 #SUP: 5477
5 5 5 5 5 5 5 5 5 -1 #SUP: 5860
5 5 5 5 5 5 5 5 5 1 -1 #SUP: 5860
5 5 5 5 5 5 5 5 5 1 1 -1 #SUP: 5860
5 5 5 5 5 5 5 5 5 1 1 1 -1 #SUP: 5860
5 5 5 5 5 5 5 5 5 1 1 1 1 -1 #SUP: 5859
5 5 5 5 5 5 5 5 5 1 1 1 1 1 -1 #SUP: 5859
5 5 5 5 5 5 5 5 5 1 1 1 1 1 1 -1 #SUP: 5849
5 5 5 5 5 5 5 5 5 5 -1 #SUP: 5493
5 5 5 5 5 5 5 5 5 5 1 -1 #SUP: 5493
5 5 5 5 5 5 5 5 5 5 1 1 -1 #SUP: 5493
5 5 5 5 5 5 5 5 5 5 1 1 1 -1 #SUP: 5493
5 5 5 5 5 5 5 5 5 5 1 1 1 1 -1 #SUP: 5492
5 5 5 5 5 5 5 5 5 5 1 1 1 1 1 -1 #SUP: 5492
5 5 5 5 5 5 5 5 5 7 -1 #SUP: 5332
5 5 5 5 5 5 5 5 5 7 1 -1 #SUP: 5332
5 5 5 5 5 5 5 5 5 7 1 1 -1 #SUP: 5331
5 5 5 5 5 5 5 5 5 7 1 1 1 -1 #SUP: 5331
5 5 5 5 5 5 5 5 5 7 1 1 1 1 -1 #SUP: 5329
5 5 5 5 5 5 5 5 5 7 1 1 1 1 1 -1 #SUP: 5328
5 5 5 5 5 5 5 5 7 -1 #SUP: 5580
5 5 5 5 5 5 5 5 7 1 -1 #SUP: 5580
5 5 5 5 5 5 5 5 7 1 1 -1 #SUP: 5579
5 5 5 5 5 5 5 5 7 1 1 1 -1 #SUP: 5579
5 5 5 5 5 5 5 5 7 1 1 1 1 -1 #SUP: 5575
5 5 5 5 5 5 5 5 7 1 1 1 1 1 -1 #SUP: 5570
5 5 5 5 5 5 5 5 7 1 1 1 1 1 1 -1 #SUP: 5552
5 5 5 5 5 5 5 6 -1 #SUP: 5356
5 5 5 5 5 5 5 6 1 -1 #SUP: 5356
5 5 5 5 5 5 5 6 1 1 -1 #SUP: 5351
5 5 5 5 5 5 5 6 1 1 1 -1 #SUP: 5346
5 5 5 5 5 5 5 6 1 1 1 1 -1 #SUP: 5343
5 5 5 5 5 5 5 6 1 1 1 1 1 -1 #SUP: 5335
5 5 5 5 5 5 5 6 1 1 1 1 1 1 -1 #SUP: 5302
5 5 5 5 5 5 5 7 -1 #SUP: 5751
5 5 5 5 5 5 5 7 1 -1 #SUP: 5751
5 5 5 5 5 5 5 7 1 1 -1 #SUP: 5750
5 5 5 5 5 5 5 7 1 1 1 -1 #SUP: 5747
5 5 5 5 5 5 5 7 1 1 1 1 -1 #SUP: 5742
5 5 5 5 5 5 5 7 1 1 1 1 1 -1 #SUP: 5732
5 5 5 5 5 5 5 7 1 1 1 1 1 1 -1 #SUP: 5699
5 5 5 5 5 5 5 7 1 1 1 1 1 1 1 -1 #SUP: 5638
5 5 5 5 5 5 6 -1 #SUP: 5594
5 5 5 5 5 5 6 1 -1 #SUP: 5594
5 5 5 5 5 5 6 1 1 -1 #SUP: 5588
5 5 5 5 5 5 6 1 1 1 -1 #SUP: 5583
5 5 5 5 5 5 6 1 1 1 1 -1 #SUP: 5576
5 5 5 5 5 5 6 1 1 1 1 1 -1 #SUP: 5563
5 5 5 5 5 5 6 1 1 1 1 1 1 -1 #SUP: 5520
5 5 5 5 5 5 6 1 1 1 1 1 1 1 -1 #SUP: 5439
5 5 5 5 5 5 6 1 1 2 -1 #SUP: 5300
5 5 5 5 5 5 6 1 2 -1 #SUP: 5320
5 5 5 5 5 5 6 2 -1 #SUP: 5325
5 5 5 5 5 5 7 -1 #SUP: 5892
5 5 5 5 5 5 7 1 -1 #SUP: 5892
5 5 5 5 5 5 7 1 1 -1 #SUP: 5890
5 5 5 5 5 5 7 1 1 1 -1 #SUP: 5887
5 5 5 5 5 5 7 1 1 1 1 -1 #SUP: 5880
5 5 5 5 5 5 7 1 1 1 1 1 -1 #SUP: 5864
5 5 5 5 5 5 7 1 1 1 1 1 1 -1 #SUP: 5819
5 5 5 5 5 5 7 1 1 1 1 1 1 1 -1 #SUP: 5742
5 5 5 5 5 5 7 1 1 1 1 1 1 1 1 -1 #SUP: 5601
5 5 5 5 5 6 -1 #SUP: 5762
5 5 5 5 5 6 1 -1 #SUP: 5762
5 5 5 5 5 6 1 1 -1 #SUP: 5758
5 5 5 5 5 6 1 1 1 -1 #SUP: 5754
5 5 5 5 5 6 1 1 1 1 -1 #SUP: 5745
5 5 5 5 5 6 1 1 1 1 1 -1 #SUP: 5729
5 5 5 5 5 6 1 1 1 1 1 1 -1 #SUP: 5670
5 5 5 5 5 6 1 1 1 1 1 1 1 -1 #SUP: 5566
5 5 5 5 5 6 1 1 1 1 1 1 1 1 -1 #SUP: 5391
5 5 5 5 5 6 1 1 1 1 1 2 -1 #SUP: 5344
5 5 5 5 5 6 1 1 1 1 2 -1 #SUP: 5390
5 5 5 5 5 6 1 1 1 2 -1 #SUP: 5431
5 5 5 5 5 6 1 1 2 -1 #SUP: 5463
5 5 5 5 5 6 1 2 -1 #SUP: 5480
5 5 5 5 5 6 1 2 1 -1 #SUP: 5307
5 5 5 5 5 6 2 -1 #SUP: 5487
5 5 5 5 5 6 2 1 -1 #SUP: 5319
5 5 5 5 5 7 -1 #SUP: 5977
5 5 5 5 5 7 1 -1 #SUP: 5977
5 5 5 5 5 7 1 1 -1 #SUP: 5975
5 5 5 5 5 7 1 1 1 -1 #SUP: 5972
5 5 5 5 5 7 1 1 1 1 -1 #SUP: 5963
5 5 5 5 5 7 1 1 1 1 1 -1 #SUP: 5946
5 5 5 5 5 7 1 1 1 1 1 1 -1 #SUP: 5890
5 5 5 5 5 7 1 1 1 1 1 1 1 -1 #SUP: 5791
5 5 5 5 5 7 1 1 1 1 1 1 1 1 -1 #SUP: 5629
5 5 5 5 5 7 1 1 1 1 1 1 1 1 1 -1 #SUP: 5362
5 5 5 5 5 7 1 1 2 -1 #SUP: 5320
5 5 5 5 5 7 1 2 -1 #SUP: 5343
5 5 5 5 5 7 2 -1 #SUP: 5355
5 5 5 5 6 -1 #SUP: 5876
5 5 5 5 6 1 -1 #SUP: 5876
5 5 5 5 6 1 1 -1 #SUP: 5872
5 5 5 5 6 1 1 1 -1 #SUP: 5866
5 5 5 5 6 1 1 1 1 -1 #SUP: 5856
5 5 5 5 6 1 1 1 1 1 -1 #SUP: 5838
5 5 5 5 6 1 1 1 1 1 1 -1 #SUP: 5772
5 5 5 5 6 1 1 1 1 1 1 1 -1 #SUP: 5656
5 5 5 5 6 1 1 1 1 1 1 1 1 -1 #SUP: 5468
5 5 5 5 6 1 1 1 1 1 1 2 -1 #SUP: 5325
5 5 5 5 6 1 1 1 1 1 2 -1 #SUP: 5441
5 5 5 5 6 1 1 1 1 2 -1 #SUP: 5490
5 5 5 5 6 1 1 1 2 -1 #SUP: 5533
5 5 5 5 6 1 1 1 2 1 -1 #SUP: 5327
5 5 5 5 6 1 1 2 -1 #SUP: 5566
5 5 5 5 6 1 1 2 1 -1 #SUP: 5381
5 5 5 5 6 1 2 -1 #SUP: 5583
5 5 5 5 6 1 2 1 -1 #SUP: 5407
5 5 5 5 6 1 2 1 1 -1 #SUP: 5319
5 5 5 5 6 2 -1 #SUP: 5591
5 5 5 5 6 2 1 -1 #SUP: 5421
5 5 5 5 6 2 1 1 -1 #SUP: 5334
5 5 5 5 6 5 -1 #SUP: 5428
5 5 5 5 6 5 1 -1 #SUP: 5428
5 5 5 5 6 5 1 1 -1 #SUP: 5427
5 5 5 5 6 5 1 1 1 -1 #SUP: 5424
5 5 5 5 6 5 1 1 1 1 -1 #SUP: 5414
5 5 5 5 6 5 1 1 1 1 1 -1 #SUP: 5401
5 5 5 5 6 5 1 1 1 1 1 1 -1 #SUP: 5341
5 5 5 5 7 -1 #SUP: 6024
5 5 5 5 7 1 -1 #SUP: 6024
5 5 5 5 7 1 1 -1 #SUP: 6022
5 5 5 5 7 1 1 1 -1 #SUP: 6018
5 5 5 5 7 1 1 1 1 -1 #SUP: 6006
5 5 5 5 7 1 1 1 1 1 -1 #SUP: 5986
5 5 5 5 7 1 1 1 1 1 1 -1 #SUP: 5923
5 5 5 5 7 1 1 1 1 1 1 1 -1 #SUP: 5816
5 5 5 5 7 1 1 1 1 1 1 1 1 -1 #SUP: 5644
5 5 5 5 7 1 1 1 1 1 1 1 1 1 -1 #SUP: 5367
5 5 5 5 7 1 1 1 2 -1 #SUP: 5326
5 5 5 5 7 1 1 2 -1 #SUP: 5365
5 5 5 5 7 1 2 -1 #SUP: 5388
5 5 5 5 7 2 -1 #SUP: 5400
5 5 5 6 -1 #SUP: 5931
5 5 5 6 1 -1 #SUP: 5931
5 5 5 6 1 1 -1 #SUP: 5927
5 5 5 6 1 1 1 -1 #SUP: 5921
5 5 5 6 1 1 1 1 -1 #SUP: 5910
5 5 5 6 1 1 1 1 1 -1 #SUP: 5891
5 5 5 6 1 1 1 1 1 1 -1 #SUP: 5823
5 5 5 6 1 1 1 1 1 1 1 -1 #SUP: 5705
5 5 5 6 1 1 1 1 1 1 1 1 -1 #SUP: 5514
5 5 5 6 1 1 1 1 1 1 2 -1 #SUP: 5370
5 5 5 6 1 1 1 1 1 2 -1 #SUP: 5489
5 5 5 6 1 1 1 1 2 -1 #SUP: 5538
5 5 5 6 1 1 1 2 -1 #SUP: 5582
5 5 5 6 1 1 1 2 1 -1 #SUP: 5370
5 5 5 6 1 1 2 -1 #SUP: 5616
5 5 5 6 1 1 2 1 -1 #SUP: 5426
5 5 5 6 1 1 2 1 1 -1 #SUP: 5321
5 5 5 6 1 2 -1 #SUP: 5633
5 5 5 6 1 2 1 -1 #SUP: 5452
5 5 5 6 1 2 1 1 -1 #SUP: 5358
5 5 5 6 2 -1 #SUP: 5641
5 5 5 6 2 1 -1 #SUP: 5466
5 5 5 6 2 1 1 -1 #SUP: 5374
5 5 5 6 2 1 1 1 -1 #SUP: 5310
5 5 5 6 5 -1 #SUP: 5562
5 5 5 6 5 1 -1 #SUP: 5562
5 5 5 6 5 1 1 -1 #SUP: 5561
5 5 5 6 5 1 1 1 -1 #SUP: 5558
5 5 5 6 5 1 1 1 1 -1 #SUP: 5545
5 5 5 6 5 1 1 1 1 1 -1 #SUP: 5527
5 5 5 6 5 1 1 1 1 1 1 -1 #SUP: 5461
5 5 5 6 5 1 1 1 1 1 1 1 -1 #SUP: 5350
5 5 5 6 5 1 1 1 1 2 -1 #SUP: 5311
5 5 5 6 5 1 1 1 2 -1 #SUP: 5349
5 5 5 6 5 1 1 2 -1 #SUP: 5375
5 5 5 6 5 1 2 -1 #SUP: 5383
5 5 5 6 5 2 -1 #SUP: 5387
5 5 5 6 5 5 -1 #SUP: 5362
5 5 5 6 5 5 1 -1 #SUP: 5362
5 5 5 6 5 5 1 1 -1 #SUP: 5361
5 5 5 6 5 5 1 1 1 -1 #SUP: 5358
5 5 5 6 5 5 1 1 1 1 -1 #SUP: 5350
5 5 5 6 5 5 1 1 1 1 1 -1 #SUP: 5335
5 5 5 6 7 -1 #SUP: 5329
5 5 5 6 7 1 -1 #SUP: 5329
5 5 5 6 7 1 1 -1 #SUP: 5326
5 5 5 6 7 1 1 1 -1 #SUP: 5320
5 5 5 6 7 1 1 1 1 -1 #SUP: 5308
5 5 5 7 -1 #SUP: 6037
5 5 5 7 1 -1 #SUP: 6037
5 5 5 7 1 1 -1 #SUP: 6035
5 5 5 7 1 1 1 -1 #SUP: 6031
5 5 5 7 1 1 1 1 -1 #SUP: 6019
5 5 5 7 1 1 1 1 1 -1 #SUP: 5998
5 5 5 7 1 1 1 1 1 1 -1 #SUP: 5935
5 5 5 7 1 1 1 1 1 1 1 -1 #SUP: 5826
5 5 5 7 1 1 1 1 1 1 1 1 -1 #SUP: 5650
5 5 5 7 1 1 1 1 1 1 1 1 1 -1 #SUP: 5372
5 5 5 7 1 1 1 2 -1 #SUP: 5338
5 5 5 7 1 1 2 -1 #SUP: 5378
5 5 5 7 1 2 -1 #SUP: 5401
5 5 5 7 2 -1 #SUP: 5413
5 5 6 -1 #SUP: 5978
5 5 6 1 -1 #SUP: 5978
5 5 6 1 1 -1 #SUP: 5975
5 5 6 1 1 1 -1 #SUP: 5969
5 5 6 1 1 1 1 -1 #SUP: 5957
5 5 6 1 1 1 1 1 -1 #SUP: 5937
5 5 6 1 1 1 1 1 1 -1 #SUP: 5868
5 5 6 1 1 1 1 1 1 1 -1 #SUP: 5748
5 5 6 1 1 1 1 1 1 1 1 -1 #SUP: 5557
5 5 6 1 1 1 1 1 1 2 -1 #SUP: 5405
5 5 6 1 1 1 1 1 2 -1 #SUP: 5526
5 5 6 1 1 1 1 2 -1 #SUP: 5576
5 5 6 1 1 1 1 2 1 -1 #SUP: 5325
5 5 6 1 1 1 2 -1 #SUP: 5621
5 5 6 1 1 1 2 1 -1 #SUP: 5397
5 5 6 1 1 2 -1 #SUP: 5655
5 5 6 1 1 2 1 -1 #SUP: 5456
5 5 6 1 1 2 1 1 -1 #SUP: 5345
5 5 6 1 2 -1 #SUP: 5672
5 5 6 1 2 1 -1 #SUP: 5483
5 5 6 1 2 1 1 -1 #SUP: 5384
5 5 6 1 2 1 1 1 -1 #SUP: 5308
5 5 6 2 -1 #SUP: 5680
5 5 6 2 1 -1 #SUP: 5499
5 5 6 2 1 1 -1 #SUP: 5403
5 5 6 2 1 1 1 -1 #SUP: 5332
5 5 6 5 -1 #SUP: 5640
5 5 6 5 1 -1 #SUP: 5640
5 5 6 5 1 1 -1 #SUP: 5639
5 5 6 5 1 1 1 -1 #SUP: 5636
5 5 6 5 1 1 1 1 -1 #SUP: 5623
5 5 6 5 1 1 1 1 1 -1 #SUP: 5604
5 5 6 5 1 1 1 1 1 1 -1 #SUP: 5538
5 5 6 5 1 1 1 1 1 1 1 -1 #SUP: 5425
5 5 6 5 1 1 1 1 1 2 -1 #SUP: 5333
5 5 6 5 1 1 1 1 2 -1 #SUP: 5380
5 5 6 5 1 1 1 2 -1 #SUP: 5418
5 5 6 5 1 1 2 -1 #SUP: 5444
5 5 6 5 1 1 2 1 -1 #SUP: 5310
5 5 6 5 1 2 -1 #SUP: 5453
5 5 6 5 1 2 1 -1 #SUP: 5325
5 5 6 5 2 -1 #SUP: 5457
5 5 6 5 2 1 -1 #SUP: 5336
5 5 6 5 5 -1 #SUP: 5516
5 5 6 5 5 1 -1 #SUP: 5516
5 5 6 5 5 1 1 -1 #SUP: 5515
5 5 6 5 5 1 1 1 -1 #SUP: 5512
5 5 6 5 5 1 1 1 1 -1 #SUP: 5502
5 5 6 5 5 1 1 1 1 1 -1 #SUP: 5484
5 5 6 5 5 1 1 1 1 1 1 -1 #SUP: 5424
5 5 6 5 5 1 1 1 1 1 1 1 -1 #SUP: 5318
5 5 6 5 5 1 1 1 1 2 -1 #SUP: 5301
5 5 6 5 5 1 1 1 2 -1 #SUP: 5333
5 5 6 5 5 1 1 2 -1 #SUP: 5352
5 5 6 5 5 1 2 -1 #SUP: 5358
5 5 6 5 5 2 -1 #SUP: 5362
5 5 6 5 5 5 -1 #SUP: 5373
5 5 6 5 5 5 1 -1 #SUP: 5373
5 5 6 5 5 5 1 1 -1 #SUP: 5373
5 5 6 5 5 5 1 1 1 -1 #SUP: 5370
5 5 6 5 5 5 1 1 1 1 -1 #SUP: 5362
5 5 6 5 5 5 1 1 1 1 1 -1 #SUP: 5348
5 5 6 7 -1 #SUP: 5395
5 5 6 7 1 -1 #SUP: 5395
5 5 6 7 1 1 -1 #SUP: 5392
5 5 6 7 1 1 1 -1 #SUP: 5386
5 5 6 7 1 1 1 1 -1 #SUP: 5373
5 5 6 7 1 1 1 1 1 -1 #SUP: 5353
5 5 7 -1 #SUP: 6053
5 5 7 1 -1 #SUP: 6053
5 5 7 1 1 -1 #SUP: 6051
5 5 7 1 1 1 -1 #SUP: 6046
5 5 7 1 1 1 1 -1 #SUP: 6033
5 5 7 1 1 1 1 1 -1 #SUP: 6012
5 5 7 1 1 1 1 1 1 -1 #SUP: 5948
5 5 7 1 1 1 1 1 1 1 -1 #SUP: 5836
5 5 7 1 1 1 1 1 1 1 1 -1 #SUP: 5657
5 5 7 1 1 1 1 1 1 1 1 1 -1 #SUP: 5379
5 5 7 1 1 1 1 2 -1 #SUP: 5308
5 5 7 1 1 1 2 -1 #SUP: 5353
5 5 7 1 1 2 -1 #SUP: 5393
5 5 7 1 2 -1 #SUP: 5417
5 5 7 2 -1 #SUP: 5429
5 6 -1 #SUP: 6010
5 6 1 -1 #SUP: 6010
5 6 1 1 -1 #SUP: 6007
5 6 1 1 1 -1 #SUP: 6000
5 6 1 1 1 1 -1 #SUP: 5988
5 6 1 1 1 1 1 -1 #SUP: 5968
5 6 1 1 1 1 1 1 -1 #SUP: 5900
5 6 1 1 1 1 1 1 1 -1 #SUP: 5780
5 6 1 1 1 1 1 1 1 1 -1 #SUP: 5589
5 6 1 1 1 1 1 1 2 -1 #SUP: 5421
5 6 1 1 1 1 1 2 -1 #SUP: 5544
5 6 1 1 1 1 2 -1 #SUP: 5595
5 6 1 1 1 1 2 1 -1 #SUP: 5340
5 6 1 1 1 2 -1 #SUP: 5640
5 6 1 1 1 2 1 -1 #SUP: 5412
5 6 1 1 2 -1 #SUP: 5674
5 6 1 1 2 1 -1 #SUP: 5471
5 6 1 1 2 1 1 -1 #SUP: 5359
5 6 1 2 -1 #SUP: 5692
5 6 1 2 1 -1 #SUP: 5498
5 6 1 2 1 1 -1 #SUP: 5397
5 6 1 2 1 1 1 -1 #SUP: 5321
5 6 2 -1 #SUP: 5700
5 6 2 1 -1 #SUP: 5514
5 6 2 1 1 -1 #SUP: 5417
5 6 2 1 1 1 -1 #SUP: 5345
5 6 5 -1 #SUP: 5697
5 6 5 1 -1 #SUP: 5697
5 6 5 1 1 -1 #SUP: 5696
5 6 5 1 1 1 -1 #SUP: 5692
5 6 5 1 1 1 1 -1 #SUP: 5678
5 6 5 1 1 1 1 1 -1 #SUP: 5658
5 6 5 1 1 1 1 1 1 -1 #SUP: 5591
5 6 5 1 1 1 1 1 1 1 -1 #SUP: 5476
5 6 5 1 1 1 1 1 2 -1 #SUP: 5370
5 6 5 1 1 1 1 2 -1 #SUP: 5419
5 6 5 1 1 1 2 -1 #SUP: 5458
5 6 5 1 1 2 -1 #SUP: 5485
5 6 5 1 1 2 1 -1 #SUP: 5341
5 6 5 1 2 -1 #SUP: 5495
5 6 5 1 2 1 -1 #SUP: 5357
5 6 5 2 -1 #SUP: 5499
5 6 5 2 1 -1 #SUP: 5369
5 6 5 5 -1 #SUP: 5585
5 6 5 5 1 -1 #SUP: 5585
5 6 5 5 1 1 -1 #SUP: 5584
5 6 5 5 1 1 1 -1 #SUP: 5581
5 6 5 5 1 1 1 1 -1 #SUP: 5570
5 6 5 5 1 1 1 1 1 -1 #SUP: 5551
5 6 5 5 1 1 1 1 1 1 -1 #SUP: 5489
5 6 5 5 1 1 1 1 1 1 1 -1 #SUP: 5379
5 6 5 5 1 1 1 1 1 2 -1 #SUP: 5306
5 6 5 5 1 1 1 1 2 -1 #SUP: 5353
5 6 5 5 1 1 1 2 -1 #SUP: 5386
5 6 5 5 1 1 2 -1 #SUP: 5406
5 6 5 5 1 2 -1 #SUP: 5412
5 6 5 5 2 -1 #SUP: 5416
5 6 5 5 5 -1 #SUP: 5482
5 6 5 5 5 1 -1 #SUP: 5482
5 6 5 5 5 1 1 -1 #SUP: 5482
5 6 5 5 5 1 1 1 -1 #SUP: 5479
5 6 5 5 5 1 1 1 1 -1 #SUP: 5468
5 6 5 5 5 1 1 1 1 1 -1 #SUP: 5451
5 6 5 5 5 1 1 1 1 1 1 -1 #SUP: 5393
5 6 5 5 5 1 1 1 2 -1 #SUP: 5311
5 6 5 5 5 1 1 2 -1 #SUP: 5327
5 6 5 5 5 1 2 -1 #SUP: 5330
5 6 5 5 5 2 -1 #SUP: 5334
5 6 5 5 5 5 -1 #SUP: 5313
5 6 5 5 5 5 1 -1 #SUP: 5313
5 6 5 5 5 5 1 1 -1 #SUP: 5313
5 6 5 5 5 5 1 1 1 -1 #SUP: 5310
5 6 5 5 5 5 1 1 1 1 -1 #SUP: 5304
5 6 6 -1 #SUP: 5308
5 6 6 1 -1 #SUP: 5307
5 6 6 1 1 -1 #SUP: 5302
5 6 7 -1 #SUP: 5433
5 6 7 1 -1 #SUP: 5433
5 6 7 1 1 -1 #SUP: 5430
5 6 7 1 1 1 -1 #SUP: 5423
5 6 7 1 1 1 1 -1 #SUP: 5410
5 6 7 1 1 1 1 1 -1 #SUP: 5390
5 6 7 1 1 1 1 1 1 -1 #SUP: 5323
5 7 -1 #SUP: 6060
5 7 1 -1 #SUP: 6060
5 7 1 1 -1 #SUP: 6058
5 7 1 1 1 -1 #SUP: 6053
5 7 1 1 1 1 -1 #SUP: 6040
5 7 1 1 1 1 1 -1 #SUP: 6019
5 7 1 1 1 1 1 1 -1 #SUP: 5955
5 7 1 1 1 1 1 1 1 -1 #SUP: 5842
5 7 1 1 1 1 1 1 1 1 -1 #SUP: 5662
5 7 1 1 1 1 1 1 1 1 1 -1 #SUP: 5380
5 7 1 1 1 1 2 -1 #SUP: 5315
5 7 1 1 1 2 -1 #SUP: 5360
5 7 1 1 2 -1 #SUP: 5400
5 7 1 2 -1 #SUP: 5424
5 7 2 -1 #SUP: 5436
6 -1 #SUP: 6017
6 1 -1 #SUP: 6017
6 1 1 -1 #SUP: 6014
6 1 1 1 -1 #SUP: 6007
6 1 1 1 1 -1 #SUP: 5995
6 1 1 1 1 1 -1 #SUP: 5975
6 1 1 1 1 1 1 -1 #SUP: 5907
6 1 1 1 1 1 1 1 -1 #SUP: 5787
6 1 1 1 1 1 1 1 1 -1 #SUP: 5596
6 1 1 1 1 1 1 2 -1 #SUP: 5424
6 1 1 1 1 1 2 -1 #SUP: 5547
6 1 1 1 1 2 -1 #SUP: 5598
6 1 1 1 1 2 1 -1 #SUP: 5341
6 1 1 1 2 -1 #SUP: 5643
6 1 1 1 2 1 -1 #SUP: 5413
6 1 1 2 -1 #SUP: 5677
6 1 1 2 1 -1 #SUP: 5472
6 1 1 2 1 1 -1 #SUP: 5360
6 1 2 -1 #SUP: 5695
6 1 2 1 -1 #SUP: 5499
6 1 2 1 1 -1 #SUP: 5398
6 1 2 1 1 1 -1 #SUP: 5322
6 2 -1 #SUP: 5703
6 2 1 -1 #SUP: 5515
6 2 1 1 -1 #SUP: 5418
6 2 1 1 1 -1 #SUP: 5346
6 5 -1 #SUP: 5717
6 5 1 -1 #SUP: 5717
6 5 1 1 -1 #SUP: 5716
6 5 1 1 1 -1 #SUP: 5712
6 5 1 1 1 1 -1 #SUP: 5698
6 5 1 1 1 1 1 -1 #SUP: 5678
6 5 1 1 1 1 1 1 -1 #SUP: 5611
6 5 1 1 1 1 1 1 1 -1 #SUP: 5496
6 5 1 1 1 1 1 1 1 1 -1 #SUP: 5306
6 5 1 1 1 1 1 2 -1 #SUP: 5380
6 5 1 1 1 1 2 -1 #SUP: 5429
6 5 1 1 1 2 -1 #SUP: 5468
6 5 1 1 2 -1 #SUP: 5495
6 5 1 1 2 1 -1 #SUP: 5346
6 5 1 2 -1 #SUP: 5505
6 5 1 2 1 -1 #SUP: 5363
6 5 2 -1 #SUP: 5509
6 5 2 1 -1 #SUP: 5375
6 5 5 -1 #SUP: 5610
6 5 5 1 -1 #SUP: 5610
6 5 5 1 1 -1 #SUP: 5609
6 5 5 1 1 1 -1 #SUP: 5606
6 5 5 1 1 1 1 -1 #SUP: 5594
6 5 5 1 1 1 1 1 -1 #SUP: 5575
6 5 5 1 1 1 1 1 1 -1 #SUP: 5513
6 5 5 1 1 1 1 1 1 1 -1 #SUP: 5401
6 5 5 1 1 1 1 1 2 -1 #SUP: 5320
6 5 5 1 1 1 1 2 -1 #SUP: 5367
6 5 5 1 1 1 2 -1 #SUP: 5401
6 5 5 1 1 2 -1 #SUP: 5421
6 5 5 1 2 -1 #SUP: 5427
6 5 5 2 -1 #SUP: 5431
6 5 5 2 1 -1 #SUP: 5307
6 5 5 5 -1 #SUP: 5511
6 5 5 5 1 -1 #SUP: 5511
6 5 5 5 1 1 -1 #SUP: 5511
6 5 5 5 1 1 1 -1 #SUP: 5508
6 5 5 5 1 1 1 1 -1 #SUP: 5497
6 5 5 5 1 1 1 1 1 -1 #SUP: 5480
6 5 5 5 1 1 1 1 1 1 -1 #SUP: 5422
6 5 5 5 1 1 1 1 1 1 1 -1 #SUP: 5315
6 5 5 5 1 1 1 1 2 -1 #SUP: 5300
6 5 5 5 1 1 1 2 -1 #SUP: 5330
6 5 5 5 1 1 2 -1 #SUP: 5346
6 5 5 5 1 2 -1 #SUP: 5349
6 5 5 5 2 -1 #SUP: 5353
6 5 5 5 5 -1 #SUP: 5353
6 5 5 5 5 1 -1 #SUP: 5353
6 5 5 5 5 1 1 -1 #SUP: 5353
6 5 5 5 5 1 1 1 -1 #SUP: 5350
6 5 5 5 5 1 1 1 1 -1 #SUP: 5344
6 5 5 5 5 1 1 1 1 1 -1 #SUP: 5329
6 6 -1 #SUP: 5330
6 6 1 -1 #SUP: 5329
6 6 1 1 -1 #SUP: 5324
6 6 1 1 1 -1 #SUP: 5317
6 6 1 1 1 1 -1 #SUP: 5302
6 7 -1 #SUP: 5442
6 7 1 -1 #SUP: 5442
6 7 1 1 -1 #SUP: 5439
6 7 1 1 1 -1 #SUP: 5432
6 7 1 1 1 1 -1 #SUP: 5419
6 7 1 1 1 1 1 -1 #SUP: 5399
6 7 1 1 1 1 1 1 -1 #SUP: 5332
7 -1 #SUP: 6060
7 1 -1 #SUP: 6060
7 1 1 -1 #SUP: 6058
7 1 1 1 -1 #SUP: 6053
7 1 1 1 1 -1 #SUP: 6040
7 1 1 1 1 1 -1 #SUP: 6019
7 1 1 1 1 1 1 -1 #SUP: 5955
7 1 1 1 1 1 1 1 -1 #SUP: 5842
7 1 1 1 1 1 1 1 1 -1 #SUP: 5662
7 1 1 1 1 1 1 1 1 1 -1 #SUP: 5380
7 1 1 1 1 2 -1 #SUP: 5315
7 1 1 1 2 -1 #SUP: 5360
7 1 1 2 -1 #SUP: 5400
7 1 2 -1 #SUP: 5424
7 2 -1 #SUP: 5436
