0 -1 #SUP: 429
1 -1 #SUP: 456
1 2 -1 #SUP: 89
1 1 -1 #SUP: 86
2 -1 #SUP: 455
2 3 -1 #SUP: 91
2 0 -1 #SUP: 87
2 2 -1 #SUP: 110
2 1 -1 #SUP: 96
3 -1 #SUP: 450
3 3 -1 #SUP: 289
3 5 -1 #SUP: 309
3 5 3 -1 #SUP: 173
3 5 5 -1 #SUP: 244
3 5 7 -1 #SUP: 274
3 5 7 3 -1 #SUP: 101
3 5 7 7 -1 #SUP: 155
3 5 7 0 -1 #SUP: 152
3 5 7 2 -1 #SUP: 163
3 5 7 1 -1 #SUP: 157
3 5 0 -1 #SUP: 264
3 5 2 -1 #SUP: 284
3 5 4 -1 #SUP: 131
3 5 6 -1 #SUP: 262
3 5 6 3 -1 #SUP: 115
3 5 6 7 -1 #SUP: 189
3 5 6 7 7 -1 #SUP: 114
3 5 6 7 0 -1 #SUP: 112
3 5 6 7 2 -1 #SUP: 120
3 5 6 7 1 -1 #SUP: 117
3 5 6 0 -1 #SUP: 180
3 5 6 2 -1 #SUP: 194
3 5 6 6 -1 #SUP: 134
3 5 6 1 -1 #SUP: 194
3 5 1 -1 #SUP: 285
3 7 -1 #SUP: 312
3 7 3 -1 #SUP: 118
3 7 7 -1 #SUP: 172
3 7 0 -1 #SUP: 167
3 7 2 -1 #SUP: 183
3 7 6 -1 #SUP: 88
3 7 1 -1 #SUP: 178
3 0 -1 #SUP: 302
3 2 -1 #SUP: 350
3 4 -1 #SUP: 275
3 4 3 -1 #SUP: 147
3 4 5 -1 #SUP: 189
3 4 5 3 -1 #SUP: 118
3 4 5 5 -1 #SUP: 155
3 4 5 7 -1 #SUP: 174
3 4 5 7 7 -1 #SUP: 112
3 4 5 7 0 -1 #SUP: 112
3 4 5 7 2 -1 #SUP: 117
3 4 5 7 1 -1 #SUP: 113
3 4 5 0 -1 #SUP: 171
3 4 5 2 -1 #SUP: 174
3 4 5 6 -1 #SUP: 167
3 4 5 6 7 -1 #SUP: 121
3 4 5 6 7 7 -1 #SUP: 85
3 4 5 6 7 0 -1 #SUP: 83
3 4 5 6 7 2 -1 #SUP: 88
3 4 5 6 7 1 -1 #SUP: 85
3 4 5 6 0 -1 #SUP: 120
3 4 5 6 2 -1 #SUP: 123
3 4 5 6 6 -1 #SUP: 87
3 4 5 6 1 -1 #SUP: 123
3 4 5 1 -1 #SUP: 175
3 4 7 -1 #SUP: 190
3 4 7 7 -1 #SUP: 120
3 4 7 0 -1 #SUP: 119
3 4 7 2 -1 #SUP: 126
3 4 7 1 -1 #SUP: 122
3 4 0 -1 #SUP: 187
3 4 2 -1 #SUP: 192
3 4 4 -1 #SUP: 150
3 4 6 -1 #SUP: 185
3 4 6 3 -1 #SUP: 89
3 4 6 7 -1 #SUP: 131
3 4 6 7 7 -1 #SUP: 92
3 4 6 7 0 -1 #SUP: 88
3 4 6 7 2 -1 #SUP: 95
3 4 6 7 1 -1 #SUP: 92
3 4 6 0 -1 #SUP: 130
3 4 6 2 -1 #SUP: 133
3 4 6 6 -1 #SUP: 96
3 4 6 1 -1 #SUP: 133
3 4 1 -1 #SUP: 193
3 6 -1 #SUP: 309
3 6 3 -1 #SUP: 128
3 6 5 -1 #SUP: 88
3 6 7 -1 #SUP: 202
3 6 7 3 -1 #SUP: 84
3 6 7 7 -1 #SUP: 122
3 6 7 0 -1 #SUP: 118
3 6 7 2 -1 #SUP: 128
3 6 7 1 -1 #SUP: 125
3 6 0 -1 #SUP: 193
3 6 2 -1 #SUP: 209
3 6 6 -1 #SUP: 146
3 6 1 -1 #SUP: 209
3 1 -1 #SUP: 328
4 -1 #SUP: 429
4 3 -1 #SUP: 168
4 5 -1 #SUP: 218
4 5 3 -1 #SUP: 131
4 5 5 -1 #SUP: 180
4 5 7 -1 #SUP: 200
4 5 7 3 -1 #SUP: 85
4 5 7 7 -1 #SUP: 125
4 5 7 0 -1 #SUP: 127
4 5 7 2 -1 #SUP: 136
4 5 7 1 -1 #SUP: 133
4 5 0 -1 #SUP: 191
4 5 2 -1 #SUP: 200
4 5 4 -1 #SUP: 90
4 5 6 -1 #SUP: 194
4 5 6 3 -1 #SUP: 91
4 5 6 7 -1 #SUP: 141
4 5 6 7 7 -1 #SUP: 95
4 5 6 7 0 -1 #SUP: 94
4 5 6 7 2 -1 #SUP: 104
4 5 6 7 1 -1 #SUP: 101
4 5 6 0 -1 #SUP: 134
4 5 6 2 -1 #SUP: 145
4 5 6 6 -1 #SUP: 102
4 5 6 1 -1 #SUP: 145
4 5 1 -1 #SUP: 202
4 7 -1 #SUP: 217
4 7 3 -1 #SUP: 92
4 7 7 -1 #SUP: 133
4 7 0 -1 #SUP: 135
4 7 2 -1 #SUP: 146
4 7 1 -1 #SUP: 143
4 0 -1 #SUP: 208
4 2 -1 #SUP: 222
4 4 -1 #SUP: 167
4 6 -1 #SUP: 213
4 6 3 -1 #SUP: 101
4 6 7 -1 #SUP: 152
4 6 7 7 -1 #SUP: 102
4 6 7 0 -1 #SUP: 100
4 6 7 2 -1 #SUP: 112
4 6 7 1 -1 #SUP: 109
4 6 0 -1 #SUP: 145
4 6 2 -1 #SUP: 156
4 6 6 -1 #SUP: 112
4 6 1 -1 #SUP: 156
4 1 -1 #SUP: 223
5 -1 #SUP: 456
5 3 -1 #SUP: 190
5 5 -1 #SUP: 280
5 7 -1 #SUP: 310
5 7 3 -1 #SUP: 113
5 7 7 -1 #SUP: 171
5 7 0 -1 #SUP: 169
5 7 2 -1 #SUP: 186
5 7 6 -1 #SUP: 86
5 7 1 -1 #SUP: 181
5 0 -1 #SUP: 293
5 2 -1 #SUP: 321
5 4 -1 #SUP: 148
5 6 -1 #SUP: 296
5 6 3 -1 #SUP: 127
5 6 5 -1 #SUP: 98
5 6 7 -1 #SUP: 213
5 6 7 3 -1 #SUP: 87
5 6 7 7 -1 #SUP: 125
5 6 7 0 -1 #SUP: 124
5 6 7 2 -1 #SUP: 138
5 6 7 1 -1 #SUP: 135
5 6 0 -1 #SUP: 197
5 6 2 -1 #SUP: 220
5 6 6 -1 #SUP: 153
5 6 1 -1 #SUP: 220
5 1 -1 #SUP: 324
6 -1 #SUP: 450
6 3 -1 #SUP: 159
6 5 -1 #SUP: 110
6 7 -1 #SUP: 244
6 7 3 -1 #SUP: 101
6 7 7 -1 #SUP: 138
6 7 0 -1 #SUP: 135
6 7 2 -1 #SUP: 154
6 7 1 -1 #SUP: 151
6 0 -1 #SUP: 225
6 2 -1 #SUP: 256
6 6 -1 #SUP: 176
6 1 -1 #SUP: 255
7 -1 #SUP: 450
7 3 -1 #SUP: 160
7 7 -1 #SUP: 217
7 0 -1 #SUP: 206
7 2 -1 #SUP: 244
7 6 -1 #SUP: 104
7 1 -1 #SUP: 244
