0 -1 #SUP: 3131
1 -1 #SUP: 3360
2 -1 #SUP: 3326
2 3 -1 #SUP: 723
2 5 -1 #SUP: 605
2 7 -1 #SUP: 720
2 0 -1 #SUP: 726
2 2 -1 #SUP: 873
2 6 -1 #SUP: 694
2 1 -1 #SUP: 806
3 -1 #SUP: 3313
3 3 -1 #SUP: 2233
3 5 -1 #SUP: 2333
3 5 3 -1 #SUP: 1162
3 5 5 -1 #SUP: 1878
3 5 7 -1 #SUP: 2063
3 5 7 3 -1 #SUP: 737
3 5 7 7 -1 #SUP: 1134
3 5 7 0 -1 #SUP: 1092
3 5 7 2 -1 #SUP: 1154
3 5 7 1 -1 #SUP: 1197
3 5 0 -1 #SUP: 1885
3 5 2 -1 #SUP: 2076
3 5 4 -1 #SUP: 857
3 5 6 -1 #SUP: 1973
3 5 6 3 -1 #SUP: 834
3 5 6 7 -1 #SUP: 1453
3 5 6 7 7 -1 #SUP: 754
3 5 6 7 0 -1 #SUP: 725
3 5 6 7 2 -1 #SUP: 779
3 5 6 7 1 -1 #SUP: 799
3 5 6 0 -1 #SUP: 1296
3 5 6 2 -1 #SUP: 1471
3 5 6 6 -1 #SUP: 986
3 5 6 1 -1 #SUP: 1482
3 5 1 -1 #SUP: 2111
3 7 -1 #SUP: 2475
3 7 3 -1 #SUP: 836
3 7 7 -1 #SUP: 1248
3 7 0 -1 #SUP: 1185
3 7 2 -1 #SUP: 1278
3 7 1 -1 #SUP: 1328
3 0 -1 #SUP: 2293
3 2 -1 #SUP: 2646
3 4 -1 #SUP: 2179
3 4 3 -1 #SUP: 1017
3 4 5 -1 #SUP: 1469
3 4 5 3 -1 #SUP: 733
3 4 5 5 -1 #SUP: 1174
3 4 5 7 -1 #SUP: 1292
3 4 5 7 7 -1 #SUP: 655
3 4 5 7 0 -1 #SUP: 634
3 4 5 7 2 -1 #SUP: 655
3 4 5 7 1 -1 #SUP: 679
3 4 5 0 -1 #SUP: 1172
3 4 5 2 -1 #SUP: 1289
3 4 5 6 -1 #SUP: 1244
3 4 5 6 3 -1 #SUP: 613
3 4 5 6 7 -1 #SUP: 1085
3 4 5 6 0 -1 #SUP: 966
3 4 5 6 2 -1 #SUP: 1083
3 4 5 6 6 -1 #SUP: 718
3 4 5 6 1 -1 #SUP: 1091
3 4 5 1 -1 #SUP: 1304
3 4 7 -1 #SUP: 1478
3 4 7 7 -1 #SUP: 702
3 4 7 0 -1 #SUP: 671
3 4 7 2 -1 #SUP: 702
3 4 7 1 -1 #SUP: 728
3 4 0 -1 #SUP: 1357
3 4 2 -1 #SUP: 1489
3 4 4 -1 #SUP: 937
3 4 6 -1 #SUP: 1475
3 4 6 3 -1 #SUP: 760
3 4 6 7 -1 #SUP: 1237
3 4 6 0 -1 #SUP: 1113
3 4 6 2 -1 #SUP: 1238
3 4 6 6 -1 #SUP: 865
3 4 6 1 -1 #SUP: 1246
3 4 1 -1 #SUP: 1500
3 6 -1 #SUP: 2460
3 6 3 -1 #SUP: 1108
3 6 7 -1 #SUP: 1735
3 6 7 7 -1 #SUP: 788
3 6 7 0 -1 #SUP: 756
3 6 7 2 -1 #SUP: 820
3 6 7 1 -1 #SUP: 841
3 6 0 -1 #SUP: 1564
3 6 2 -1 #SUP: 1757
3 6 6 -1 #SUP: 1149
3 6 1 -1 #SUP: 1766
3 1 -1 #SUP: 2558
4 -1 #SUP: 3205
4 3 -1 #SUP: 1222
4 5 -1 #SUP: 1712
4 5 3 -1 #SUP: 912
4 5 5 -1 #SUP: 1391
4 5 7 -1 #SUP: 1509
4 5 7 7 -1 #SUP: 719
4 5 7 0 -1 #SUP: 699
4 5 7 2 -1 #SUP: 732
4 5 7 1 -1 #SUP: 757
4 5 0 -1 #SUP: 1387
4 5 2 -1 #SUP: 1517
4 5 4 -1 #SUP: 651
4 5 6 -1 #SUP: 1465
4 5 6 3 -1 #SUP: 668
4 5 6 7 -1 #SUP: 1165
4 5 6 7 2 -1 #SUP: 613
4 5 6 7 1 -1 #SUP: 629
4 5 6 0 -1 #SUP: 1044
4 5 6 2 -1 #SUP: 1173
4 5 6 6 -1 #SUP: 766
4 5 6 1 -1 #SUP: 1183
4 5 1 -1 #SUP: 1535
4 7 -1 #SUP: 1710
4 7 7 -1 #SUP: 767
4 7 0 -1 #SUP: 739
4 7 2 -1 #SUP: 783
4 7 1 -1 #SUP: 810
4 0 -1 #SUP: 1589
4 2 -1 #SUP: 1738
4 4 -1 #SUP: 1154
4 6 -1 #SUP: 1715
4 6 3 -1 #SUP: 819
4 6 7 -1 #SUP: 1323
4 6 7 7 -1 #SUP: 626
4 6 7 0 -1 #SUP: 606
4 6 7 2 -1 #SUP: 644
4 6 7 1 -1 #SUP: 661
4 6 0 -1 #SUP: 1199
4 6 2 -1 #SUP: 1336
4 6 6 -1 #SUP: 916
4 6 1 -1 #SUP: 1346
4 1 -1 #SUP: 1751
5 -1 #SUP: 3357
5 3 -1 #SUP: 1372
5 5 -1 #SUP: 2135
5 7 -1 #SUP: 2323
5 7 3 -1 #SUP: 799
5 7 7 -1 #SUP: 1213
5 7 0 -1 #SUP: 1171
5 7 2 -1 #SUP: 1250
5 7 1 -1 #SUP: 1295
5 0 -1 #SUP: 2139
5 2 -1 #SUP: 2353
5 4 -1 #SUP: 1042
5 6 -1 #SUP: 2228
5 6 3 -1 #SUP: 899
5 6 7 -1 #SUP: 1550
5 6 7 7 -1 #SUP: 811
5 6 7 0 -1 #SUP: 779
5 6 7 2 -1 #SUP: 848
5 6 7 1 -1 #SUP: 869
5 6 0 -1 #SUP: 1388
5 6 2 -1 #SUP: 1580
5 6 6 -1 #SUP: 1045
5 6 1 -1 #SUP: 1593
5 1 -1 #SUP: 2392
6 -1 #SUP: 3318
6 3 -1 #SUP: 1248
6 5 -1 #SUP: 784
6 7 -1 #SUP: 1923
6 7 3 -1 #SUP: 664
6 7 7 -1 #SUP: 878
6 7 0 -1 #SUP: 836
6 7 2 -1 #SUP: 936
6 7 1 -1 #SUP: 961
6 0 -1 #SUP: 1717
6 2 -1 #SUP: 2079
6 6 -1 #SUP: 1379
6 1 -1 #SUP: 2091
7 -1 #SUP: 3316
7 3 -1 #SUP: 1046
7 7 -1 #SUP: 1453
7 0 -1 #SUP: 1374
7 2 -1 #SUP: 1555
7 6 -1 #SUP: 652
7 1 -1 #SUP: 1610
