1 -1 #SUP: 5887
1 1 -1 #SUP: 5887
1 1 1 -1 #SUP: 5886
1 1 1 1 -1 #SUP: 5874
1 1 1 1 1 -1 #SUP: 5839
1 1 1 1 1 1 -1 #SUP: 5771
1 1 1 1 1 1 1 -1 #SUP: 5679
1 1 1 1 1 1 1 1 -1 #SUP: 5498
1 1 1 1 1 1 1 2 -1 #SUP: 5481
1 1 1 1 1 1 2 -1 #SUP: 5623
1 1 1 1 1 1 2 1 -1 #SUP: 5328
1 1 1 1 1 1 2 2 -1 #SUP: 5301
1 1 1 1 1 2 -1 #SUP: 5716
1 1 1 1 1 2 1 -1 #SUP: 5472
1 1 1 1 1 2 2 -1 #SUP: 5438
1 1 1 1 2 -1 #SUP: 5770
1 1 1 1 2 1 -1 #SUP: 5582
1 1 1 1 2 2 -1 #SUP: 5543
1 1 1 2 -1 #SUP: 5801
1 1 1 2 1 -1 #SUP: 5668
1 1 1 2 1 1 -1 #SUP: 5444
1 1 1 2 1 2 -1 #SUP: 5391
1 1 1 2 2 -1 #SUP: 5601
1 1 2 -1 #SUP: 5809
1 1 2 1 -1 #SUP: 5722
1 1 2 1 1 -1 #SUP: 5556
1 1 2 1 1 1 -1 #SUP: 5337
1 1 2 1 2 -1 #SUP: 5478
1 1 2 2 -1 #SUP: 5637
1 1 2 2 1 -1 #SUP: 5382
1 1 2 2 2 -1 #SUP: 5323
1 1 7 -1 #SUP: 5499
1 1 7 1 -1 #SUP: 5494
1 1 7 1 1 -1 #SUP: 5451
1 1 7 1 1 1 -1 #SUP: 5324
1 1 7 1 2 -1 #SUP: 5364
1 1 7 2 -1 #SUP: 5375
1 2 -1 #SUP: 5821
1 2 1 -1 #SUP: 5757
1 2 1 1 -1 #SUP: 5640
1 2 1 1 1 -1 #SUP: 5479
1 2 1 1 2 -1 #SUP: 5351
1 2 1 2 -1 #SUP: 5540
1 2 2 -1 #SUP: 5679
1 2 2 1 -1 #SUP: 5480
1 2 2 2 -1 #SUP: 5401
1 3 -1 #SUP: 5300
1 7 -1 #SUP: 5641
1 7 1 -1 #SUP: 5637
1 7 1 1 -1 #SUP: 5595
1 7 1 1 1 -1 #SUP: 5482
1 7 1 1 1 1 -1 #SUP: 5305
1 7 1 1 1 2 -1 #SUP: 5303
1 7 1 1 2 -1 #SUP: 5445
1 7 1 2 -1 #SUP: 5510
1 7 2 -1 #SUP: 5519
1 7 7 -1 #SUP: 5398
1 7 7 1 -1 #SUP: 5394
1 7 7 1 1 -1 #SUP: 5353
2 -1 #SUP: 5871
2 1 -1 #SUP: 5846
2 1 1 -1 #SUP: 5787
2 1 1 1 -1 #SUP: 5682
2 1 1 1 1 -1 #SUP: 5546
2 1 1 1 1 1 -1 #SUP: 5356
2 1 1 1 2 -1 #SUP: 5408
2 1 1 2 -1 #SUP: 5569
2 1 1 2 1 -1 #SUP: 5310
2 1 2 -1 #SUP: 5694
2 1 2 1 -1 #SUP: 5515
2 1 2 2 -1 #SUP: 5435
2 2 -1 #SUP: 5824
2 2 1 -1 #SUP: 5726
2 2 1 1 -1 #SUP: 5556
2 2 1 1 1 -1 #SUP: 5341
2 2 1 2 -1 #SUP: 5456
2 2 2 -1 #SUP: 5673
2 2 2 1 -1 #SUP: 5459
2 2 2 2 -1 #SUP: 5416
2 3 -1 #SUP: 5423
2 3 2 -1 #SUP: 5336
3 -1 #SUP: 5875
3 1 -1 #SUP: 5842
3 1 1 -1 #SUP: 5819
3 1 1 1 -1 #SUP: 5786
3 1 1 1 1 -1 #SUP: 5734
3 1 1 1 1 1 -1 #SUP: 5653
3 1 1 1 1 1 1 -1 #SUP: 5554
3 1 1 1 1 1 1 1 -1 #SUP: 5436
3 1 1 1 1 1 1 2 -1 #SUP: 5385
3 1 1 1 1 1 2 -1 #SUP: 5506
3 1 1 1 1 2 -1 #SUP: 5609
3 1 1 1 1 2 1 -1 #SUP: 5355
3 1 1 1 1 2 2 -1 #SUP: 5303
3 1 1 1 2 -1 #SUP: 5675
3 1 1 1 2 1 -1 #SUP: 5471
3 1 1 1 2 2 -1 #SUP: 5403
3 1 1 2 -1 #SUP: 5721
3 1 1 2 1 -1 #SUP: 5567
3 1 1 2 1 1 -1 #SUP: 5355
3 1 1 2 2 -1 #SUP: 5479
3 1 2 -1 #SUP: 5762
3 1 2 1 -1 #SUP: 5638
3 1 2 1 1 -1 #SUP: 5473
3 1 2 1 2 -1 #SUP: 5395
3 1 2 2 -1 #SUP: 5561
3 1 7 -1 #SUP: 5365
3 1 7 1 -1 #SUP: 5361
3 1 7 1 1 -1 #SUP: 5323
3 2 -1 #SUP: 5859
3 2 1 -1 #SUP: 5801
3 2 1 1 -1 #SUP: 5727
3 2 1 1 1 -1 #SUP: 5604
3 2 1 1 1 1 -1 #SUP: 5437
3 2 1 1 1 2 -1 #SUP: 5317
3 2 1 1 2 -1 #SUP: 5500
3 2 1 2 -1 #SUP: 5639
3 2 1 2 1 -1 #SUP: 5421
3 2 1 2 2 -1 #SUP: 5336
3 2 2 -1 #SUP: 5804
3 2 2 1 -1 #SUP: 5673
3 2 2 1 1 -1 #SUP: 5485
3 2 2 1 2 -1 #SUP: 5391
3 2 2 2 -1 #SUP: 5637
3 2 2 2 1 -1 #SUP: 5374
3 2 2 2 2 -1 #SUP: 5336
3 3 -1 #SUP: 5811
3 3 1 -1 #SUP: 5739
3 3 1 1 -1 #SUP: 5659
3 3 1 1 1 -1 #SUP: 5549
3 3 1 1 1 1 -1 #SUP: 5405
3 3 1 1 1 2 -1 #SUP: 5311
3 3 1 1 2 -1 #SUP: 5460
3 3 1 2 -1 #SUP: 5594
3 3 1 2 1 -1 #SUP: 5352
3 3 2 -1 #SUP: 5795
3 3 2 1 -1 #SUP: 5697
3 3 2 1 1 -1 #SUP: 5576
3 3 2 1 1 1 -1 #SUP: 5400
3 3 2 1 2 -1 #SUP: 5494
3 3 2 2 -1 #SUP: 5718
3 3 2 2 1 -1 #SUP: 5532
3 3 2 2 2 -1 #SUP: 5478
3 3 3 -1 #SUP: 5655
3 3 3 1 -1 #SUP: 5541
3 3 3 1 1 -1 #SUP: 5400
3 3 3 2 -1 #SUP: 5634
3 3 3 2 1 -1 #SUP: 5488
3 3 3 2 1 1 -1 #SUP: 5310
3 3 3 2 2 -1 #SUP: 5485
3 3 5 -1 #SUP: 5396
3 3 5 1 -1 #SUP: 5382
3 3 5 1 1 -1 #SUP: 5341
3 3 5 2 -1 #SUP: 5343
3 3 5 5 -1 #SUP: 5323
3 3 5 5 1 -1 #SUP: 5312
3 4 -1 #SUP: 5685
3 4 1 -1 #SUP: 5651
3 4 1 1 -1 #SUP: 5567
3 4 1 1 1 -1 #SUP: 5450
3 4 1 1 2 -1 #SUP: 5421
3 4 1 2 -1 #SUP: 5566
3 4 1 2 1 -1 #SUP: 5347
3 4 2 -1 #SUP: 5685
3 4 2 1 -1 #SUP: 5610
3 4 2 1 1 -1 #SUP: 5467
3 4 2 1 2 -1 #SUP: 5430
3 4 2 2 -1 #SUP: 5614
3 4 2 2 1 -1 #SUP: 5446
3 4 2 2 2 -1 #SUP: 5399
3 4 3 -1 #SUP: 5451
3 4 3 1 -1 #SUP: 5335
3 4 3 2 -1 #SUP: 5445
3 4 3 2 1 -1 #SUP: 5306
3 5 -1 #SUP: 5763
3 5 1 -1 #SUP: 5754
3 5 1 1 -1 #SUP: 5743
3 5 1 1 1 -1 #SUP: 5724
3 5 1 1 1 1 -1 #SUP: 5683
3 5 1 1 1 1 1 -1 #SUP: 5616
3 5 1 1 1 1 1 1 -1 #SUP: 5523
3 5 1 1 1 1 1 1 1 -1 #SUP: 5407
3 5 1 1 1 1 1 1 2 -1 #SUP: 5363
3 5 1 1 1 1 1 2 -1 #SUP: 5477
3 5 1 1 1 1 2 -1 #SUP: 5562
3 5 1 1 1 1 2 1 -1 #SUP: 5308
3 5 1 1 1 2 -1 #SUP: 5620
3 5 1 1 1 2 1 -1 #SUP: 5416
3 5 1 1 1 2 2 -1 #SUP: 5351
3 5 1 1 2 -1 #SUP: 5652
3 5 1 1 2 1 -1 #SUP: 5496
3 5 1 1 2 2 -1 #SUP: 5410
3 5 1 2 -1 #SUP: 5680
3 5 1 2 1 -1 #SUP: 5552
3 5 1 2 1 1 -1 #SUP: 5392
3 5 1 2 1 2 -1 #SUP: 5317
3 5 1 2 2 -1 #SUP: 5479
3 5 1 7 -1 #SUP: 5340
3 5 1 7 1 -1 #SUP: 5336
3 5 2 -1 #SUP: 5741
3 5 2 1 -1 #SUP: 5677
3 5 2 1 1 -1 #SUP: 5589
3 5 2 1 1 1 -1 #SUP: 5460
3 5 2 1 1 2 -1 #SUP: 5372
3 5 2 1 2 -1 #SUP: 5519
3 5 2 2 -1 #SUP: 5668
3 5 2 2 1 -1 #SUP: 5505
3 5 2 2 1 1 -1 #SUP: 5306
3 5 2 2 2 -1 #SUP: 5472
3 5 3 -1 #SUP: 5429
3 5 3 2 -1 #SUP: 5423
3 5 4 -1 #SUP: 5557
3 5 4 1 -1 #SUP: 5529
3 5 4 1 1 -1 #SUP: 5444
3 5 4 1 1 1 -1 #SUP: 5317
3 5 4 1 2 -1 #SUP: 5431
3 5 4 2 -1 #SUP: 5553
3 5 4 2 1 -1 #SUP: 5479
3 5 4 2 1 1 -1 #SUP: 5331
3 5 4 2 2 -1 #SUP: 5478
3 5 4 2 2 1 -1 #SUP: 5309
3 5 5 -1 #SUP: 5742
3 5 5 1 -1 #SUP: 5736
3 5 5 1 1 -1 #SUP: 5730
3 5 5 1 1 1 -1 #SUP: 5711
3 5 5 1 1 1 1 -1 #SUP: 5676
3 5 5 1 1 1 1 1 -1 #SUP: 5610
3 5 5 1 1 1 1 1 1 -1 #SUP: 5517
3 5 5 1 1 1 1 1 1 1 -1 #SUP: 5400
3 5 5 1 1 1 1 1 1 2 -1 #SUP: 5357
3 5 5 1 1 1 1 1 2 -1 #SUP: 5471
3 5 5 1 1 1 1 2 -1 #SUP: 5556
3 5 5 1 1 1 1 2 1 -1 #SUP: 5304
3 5 5 1 1 1 2 -1 #SUP: 5609
3 5 5 1 1 1 2 1 -1 #SUP: 5412
3 5 5 1 1 1 2 2 -1 #SUP: 5345
3 5 5 1 1 2 -1 #SUP: 5640
3 5 5 1 1 2 1 -1 #SUP: 5486
3 5 5 1 1 2 2 -1 #SUP: 5400
3 5 5 1 2 -1 #SUP: 5663
3 5 5 1 2 1 -1 #SUP: 5541
3 5 5 1 2 1 1 -1 #SUP: 5380
3 5 5 1 2 1 2 -1 #SUP: 5304
3 5 5 1 2 2 -1 #SUP: 5463
3 5 5 1 7 -1 #SUP: 5332
3 5 5 1 7 1 -1 #SUP: 5328
3 5 5 2 -1 #SUP: 5718
3 5 5 2 1 -1 #SUP: 5654
3 5 5 2 1 1 -1 #SUP: 5567
3 5 5 2 1 1 1 -1 #SUP: 5433
3 5 5 2 1 1 2 -1 #SUP: 5346
3 5 5 2 1 2 -1 #SUP: 5494
3 5 5 2 2 -1 #SUP: 5640
3 5 5 2 2 1 -1 #SUP: 5475
3 5 5 2 2 2 -1 #SUP: 5441
3 5 5 3 -1 #SUP: 5363
3 5 5 3 2 -1 #SUP: 5356
3 5 5 4 -1 #SUP: 5487
3 5 5 4 1 -1 #SUP: 5461
3 5 5 4 1 1 -1 #SUP: 5375
3 5 5 4 1 2 -1 #SUP: 5355
3 5 5 4 2 -1 #SUP: 5481
3 5 5 4 2 1 -1 #SUP: 5407
3 5 5 4 2 2 -1 #SUP: 5400
3 5 5 5 -1 #SUP: 5690
3 5 5 5 1 -1 #SUP: 5684
3 5 5 5 1 1 -1 #SUP: 5678
3 5 5 5 1 1 1 -1 #SUP: 5665
3 5 5 5 1 1 1 1 -1 #SUP: 5636
3 5 5 5 1 1 1 1 1 -1 #SUP: 5577
3 5 5 5 1 1 1 1 1 1 -1 #SUP: 5489
3 5 5 5 1 1 1 1 1 1 1 -1 #SUP: 5375
3 5 5 5 1 1 1 1 1 1 2 -1 #SUP: 5332
3 5 5 5 1 1 1 1 1 2 -1 #SUP: 5440
3 5 5 5 1 1 1 1 2 -1 #SUP: 5519
3 5 5 5 1 1 1 2 -1 #SUP: 5567
3 5 5 5 1 1 1 2 1 -1 #SUP: 5377
3 5 5 5 1 1 1 2 2 -1 #SUP: 5309
3 5 5 5 1 1 2 -1 #SUP: 5590
3 5 5 5 1 1 2 1 -1 #SUP: 5443
3 5 5 5 1 1 2 2 -1 #SUP: 5361
3 5 5 5 1 2 -1 #SUP: 5612
3 5 5 5 1 2 1 -1 #SUP: 5491
3 5 5 5 1 2 1 1 -1 #SUP: 5334
3 5 5 5 1 2 2 -1 #SUP: 5415
3 5 5 5 1 7 -1 #SUP: 5311
3 5 5 5 1 7 1 -1 #SUP: 5307
3 5 5 5 2 -1 #SUP: 5659
3 5 5 5 2 1 -1 #SUP: 5592
3 5 5 5 2 1 1 -1 #SUP: 5500
3 5 5 5 2 1 1 1 -1 #SUP: 5363
3 5 5 5 2 1 2 -1 #SUP: 5438
3 5 5 5 2 2 -1 #SUP: 5582
3 5 5 5 2 2 1 -1 #SUP: 5411
3 5 5 5 2 2 2 -1 #SUP: 5380
3 5 5 5 4 -1 #SUP: 5344
3 5 5 5 4 1 -1 #SUP: 5315
3 5 5 5 4 2 -1 #SUP: 5330
3 5 5 5 5 -1 #SUP: 5632
3 5 5 5 5 1 -1 #SUP: 5628
3 5 5 5 5 1 1 -1 #SUP: 5616
3 5 5 5 5 1 1 1 -1 #SUP: 5603
3 5 5 5 5 1 1 1 1 -1 #SUP: 5579
3 5 5 5 5 1 1 1 1 1 -1 #SUP: 5527
3 5 5 5 5 1 1 1 1 1 1 -1 #SUP: 5448
3 5 5 5 5 1 1 1 1 1 1 1 -1 #SUP: 5327
3 5 5 5 5 1 1 1 1 1 2 -1 #SUP: 5389
3 5 5 5 5 1 1 1 1 2 -1 #SUP: 5463
3 5 5 5 5 1 1 1 2 -1 #SUP: 5502
3 5 5 5 5 1 1 1 2 1 -1 #SUP: 5316
3 5 5 5 5 1 1 2 -1 #SUP: 5525
3 5 5 5 5 1 1 2 1 -1 #SUP: 5374
3 5 5 5 5 1 1 2 2 -1 #SUP: 5302
3 5 5 5 5 1 2 -1 #SUP: 5549
3 5 5 5 5 1 2 1 -1 #SUP: 5419
3 5 5 5 5 1 2 2 -1 #SUP: 5356
3 5 5 5 5 2 -1 #SUP: 5588
3 5 5 5 5 2 1 -1 #SUP: 5509
3 5 5 5 5 2 1 1 -1 #SUP: 5395
3 5 5 5 5 2 1 2 -1 #SUP: 5347
3 5 5 5 5 2 2 -1 #SUP: 5495
3 5 5 5 5 2 2 1 -1 #SUP: 5303
3 5 5 5 5 5 -1 #SUP: 5564
3 5 5 5 5 5 1 -1 #SUP: 5557
3 5 5 5 5 5 1 1 -1 #SUP: 5543
3 5 5 5 5 5 1 1 1 -1 #SUP: 5532
3 5 5 5 5 5 1 1 1 1 -1 #SUP: 5507
3 5 5 5 5 5 1 1 1 1 1 -1 #SUP: 5465
3 5 5 5 5 5 1 1 1 1 1 1 -1 #SUP: 5390
3 5 5 5 5 5 1 1 1 1 1 2 -1 #SUP: 5319
3 5 5 5 5 5 1 1 1 1 2 -1 #SUP: 5383
3 5 5 5 5 5 1 1 1 2 -1 #SUP: 5422
3 5 5 5 5 5 1 1 2 -1 #SUP: 5444
3 5 5 5 5 5 1 2 -1 #SUP: 5466
3 5 5 5 5 5 1 2 1 -1 #SUP: 5337
3 5 5 5 5 5 2 -1 #SUP: 5503
3 5 5 5 5 5 2 1 -1 #SUP: 5406
3 5 5 5 5 5 2 2 -1 #SUP: 5385
3 5 5 5 5 5 5 -1 #SUP: 5483
3 5 5 5 5 5 5 1 -1 #SUP: 5477
3 5 5 5 5 5 5 1 1 -1 #SUP: 5454
3 5 5 5 5 5 5 1 1 1 -1 #SUP: 5422
3 5 5 5 5 5 5 1 1 1 1 -1 #SUP: 5395
3 5 5 5 5 5 5 1 1 1 1 1 -1 #SUP: 5357
3 5 5 5 5 5 5 1 1 2 -1 #SUP: 5337
3 5 5 5 5 5 5 1 2 -1 #SUP: 5370
3 5 5 5 5 5 5 2 -1 #SUP: 5401
3 5 5 5 5 5 5 2 1 -1 #SUP: 5299
3 5 5 5 5 5 5 5 -1 #SUP: 5388
3 5 5 5 5 5 5 5 1 -1 #SUP: 5382
3 5 5 5 5 5 5 5 1 1 -1 #SUP: 5349
3 5 5 5 5 5 5 7 -1 #SUP: 5352
3 5 5 5 5 5 5 7 1 -1 #SUP: 5352
3 5 5 5 5 5 5 7 1 1 -1 #SUP: 5347
3 5 5 5 5 5 5 7 1 1 1 -1 #SUP: 5321
3 5 5 5 5 5 6 -1 #SUP: 5354
3 5 5 5 5 5 6 1 -1 #SUP: 5351
3 5 5 5 5 5 6 1 1 -1 #SUP: 5337
3 5 5 5 5 5 6 1 1 1 -1 #SUP: 5321
3 5 5 5 5 5 7 -1 #SUP: 5438
3 5 5 5 5 5 7 1 -1 #SUP: 5438
3 5 5 5 5 5 7 1 1 -1 #SUP: 5435
3 5 5 5 5 5 7 1 1 1 -1 #SUP: 5420
3 5 5 5 5 5 7 1 1 1 1 -1 #SUP: 5394
3 5 5 5 5 5 7 1 1 1 1 1 -1 #SUP: 5348
3 5 5 5 5 5 7 1 2 -1 #SUP: 5299
3 5 5 5 5 5 7 2 -1 #SUP: 5302
3 5 5 5 5 5 7 7 -1 #SUP: 5377
3 5 5 5 5 5 7 7 1 -1 #SUP: 5377
3 5 5 5 5 5 7 7 1 1 -1 #SUP: 5373
3 5 5 5 5 5 7 7 1 1 1 -1 #SUP: 5342
3 5 5 5 5 6 -1 #SUP: 5432
3 5 5 5 5 6 1 -1 #SUP: 5430
3 5 5 5 5 6 1 1 -1 #SUP: 5416
3 5 5 5 5 6 1 1 1 -1 #SUP: 5408
3 5 5 5 5 6 1 1 1 1 -1 #SUP: 5391
3 5 5 5 5 6 1 1 1 1 1 -1 #SUP: 5347
3 5 5 5 5 6 1 2 -1 #SUP: 5312
3 5 5 5 5 6 2 -1 #SUP: 5334
3 5 5 5 5 6 7 -1 #SUP: 5332
3 5 5 5 5 6 7 1 -1 #SUP: 5331
3 5 5 5 5 6 7 1 1 -1 #SUP: 5325
3 5 5 5 5 6 7 1 1 1 -1 #SUP: 5310
3 5 5 5 5 7 -1 #SUP: 5502
3 5 5 5 5 7 1 -1 #SUP: 5501
3 5 5 5 5 7 1 1 -1 #SUP: 5499
3 5 5 5 5 7 1 1 1 -1 #SUP: 5486
3 5 5 5 5 7 1 1 1 1 -1 #SUP: 5462
3 5 5 5 5 7 1 1 1 1 1 -1 #SUP: 5412
3 5 5 5 5 7 1 1 1 1 1 1 -1 #SUP: 5303
3 5 5 5 5 7 1 1 1 2 -1 #SUP: 5336
3 5 5 5 5 7 1 1 2 -1 #SUP: 5353
3 5 5 5 5 7 1 2 -1 #SUP: 5362
3 5 5 5 5 7 2 -1 #SUP: 5366
3 5 5 5 5 7 7 -1 #SUP: 5446
3 5 5 5 5 7 7 1 -1 #SUP: 5445
3 5 5 5 5 7 7 1 1 -1 #SUP: 5442
3 5 5 5 5 7 7 1 1 1 -1 #SUP: 5415
3 5 5 5 5 7 7 1 1 1 1 -1 #SUP: 5364
3 5 5 5 5 7 7 1 2 -1 #SUP: 5299
3 5 5 5 5 7 7 2 -1 #SUP: 5303
3 5 5 5 5 7 7 7 -1 #SUP: 5327
3 5 5 5 5 7 7 7 1 -1 #SUP: 5327
3 5 5 5 5 7 7 7 1 1 -1 #SUP: 5310
3 5 5 5 6 -1 #SUP: 5480
3 5 5 5 6 1 -1 #SUP: 5479
3 5 5 5 6 1 1 -1 #SUP: 5473
3 5 5 5 6 1 1 1 -1 #SUP: 5468
3 5 5 5 6 1 1 1 1 -1 #SUP: 5453
3 5 5 5 6 1 1 1 1 1 -1 #SUP: 5402
3 5 5 5 6 1 1 1 1 1 1 -1 #SUP: 5322
3 5 5 5 6 1 1 1 1 2 -1 #SUP: 5320
3 5 5 5 6 1 1 1 2 -1 #SUP: 5344
3 5 5 5 6 1 1 2 -1 #SUP: 5355
3 5 5 5 6 1 2 -1 #SUP: 5364
3 5 5 5 6 2 -1 #SUP: 5386
3 5 5 5 6 5 -1 #SUP: 5316
3 5 5 5 6 5 1 -1 #SUP: 5312
3 5 5 5 6 7 -1 #SUP: 5378
3 5 5 5 6 7 1 -1 #SUP: 5378
3 5 5 5 6 7 1 1 -1 #SUP: 5375
3 5 5 5 6 7 1 1 1 -1 #SUP: 5362
3 5 5 5 6 7 1 1 1 1 -1 #SUP: 5337
3 5 5 5 6 7 7 -1 #SUP: 5308
3 5 5 5 6 7 7 1 -1 #SUP: 5307
3 5 5 5 6 7 7 1 1 -1 #SUP: 5304
3 5 5 5 7 -1 #SUP: 5531
3 5 5 5 7 1 -1 #SUP: 5531
3 5 5 5 7 1 1 -1 #SUP: 5529
3 5 5 5 7 1 1 1 -1 #SUP: 5518
3 5 5 5 7 1 1 1 1 -1 #SUP: 5496
3 5 5 5 7 1 1 1 1 1 -1 #SUP: 5438
3 5 5 5 7 1 1 1 1 1 1 -1 #SUP: 5335
3 5 5 5 7 1 1 1 1 2 -1 #SUP: 5325
3 5 5 5 7 1 1 1 2 -1 #SUP: 5368
3 5 5 5 7 1 1 2 -1 #SUP: 5383
3 5 5 5 7 1 2 -1 #SUP: 5392
3 5 5 5 7 2 -1 #SUP: 5395
3 5 5 5 7 7 -1 #SUP: 5477
3 5 5 5 7 7 1 -1 #SUP: 5477
3 5 5 5 7 7 1 1 -1 #SUP: 5474
3 5 5 5 7 7 1 1 1 -1 #SUP: 5449
3 5 5 5 7 7 1 1 1 1 -1 #SUP: 5402
3 5 5 5 7 7 1 1 1 1 1 -1 #SUP: 5299
3 5 5 5 7 7 1 1 2 -1 #SUP: 5318
3 5 5 5 7 7 1 2 -1 #SUP: 5331
3 5 5 5 7 7 2 -1 #SUP: 5334
3 5 5 5 7 7 7 -1 #SUP: 5360
3 5 5 5 7 7 7 1 -1 #SUP: 5360
3 5 5 5 7 7 7 1 1 -1 #SUP: 5346
3 5 5 5 7 7 7 1 1 1 -1 #SUP: 5301
3 5 5 6 -1 #SUP: 5543
3 5 5 6 1 -1 #SUP: 5537
3 5 5 6 1 1 -1 #SUP: 5537
3 5 5 6 1 1 1 -1 #SUP: 5529
3 5 5 6 1 1 1 1 -1 #SUP: 5506
3 5 5 6 1 1 1 1 1 -1 #SUP: 5451
3 5 5 6 1 1 1 1 1 1 -1 #SUP: 5366
3 5 5 6 1 1 1 1 1 2 -1 #SUP: 5301
3 5 5 6 1 1 1 1 2 -1 #SUP: 5375
3 5 5 6 1 1 1 2 -1 #SUP: 5408
3 5 5 6 1 1 2 -1 #SUP: 5421
3 5 5 6 1 2 -1 #SUP: 5426
3 5 5 6 1 2 1 -1 #SUP: 5300
3 5 5 6 2 -1 #SUP: 5454
3 5 5 6 2 1 -1 #SUP: 5354
3 5 5 6 5 -1 #SUP: 5394
3 5 5 6 5 1 -1 #SUP: 5388
3 5 5 6 5 1 1 -1 #SUP: 5380
3 5 5 6 5 1 1 1 -1 #SUP: 5370
3 5 5 6 5 1 1 1 1 -1 #SUP: 5351
3 5 5 6 5 1 1 1 1 1 -1 #SUP: 5300
3 5 5 6 5 2 -1 #SUP: 5328
3 5 5 6 5 5 -1 #SUP: 5318
3 5 5 6 5 5 1 -1 #SUP: 5314
3 5 5 6 7 -1 #SUP: 5423
3 5 5 6 7 1 -1 #SUP: 5423
3 5 5 6 7 1 1 -1 #SUP: 5422
3 5 5 6 7 1 1 1 -1 #SUP: 5410
3 5 5 6 7 1 1 1 1 -1 #SUP: 5384
3 5 5 6 7 1 1 1 1 1 -1 #SUP: 5322
3 5 5 6 7 1 1 2 -1 #SUP: 5305
3 5 5 6 7 1 2 -1 #SUP: 5311
3 5 5 6 7 2 -1 #SUP: 5312
3 5 5 6 7 7 -1 #SUP: 5361
3 5 5 6 7 7 1 -1 #SUP: 5361
3 5 5 6 7 7 1 1 -1 #SUP: 5360
3 5 5 6 7 7 1 1 1 -1 #SUP: 5334
3 5 5 7 -1 #SUP: 5559
3 5 5 7 1 -1 #SUP: 5557
3 5 5 7 1 1 -1 #SUP: 5556
3 5 5 7 1 1 1 -1 #SUP: 5546
3 5 5 7 1 1 1 1 -1 #SUP: 5521
3 5 5 7 1 1 1 1 1 -1 #SUP: 5465
3 5 5 7 1 1 1 1 1 1 -1 #SUP: 5351
3 5 5 7 1 1 1 1 2 -1 #SUP: 5350
3 5 5 7 1 1 1 2 -1 #SUP: 5395
3 5 5 7 1 1 2 -1 #SUP: 5409
3 5 5 7 1 2 -1 #SUP: 5417
3 5 5 7 2 -1 #SUP: 5422
3 5 5 7 7 -1 #SUP: 5498
3 5 5 7 7 1 -1 #SUP: 5498
3 5 5 7 7 1 1 -1 #SUP: 5497
3 5 5 7 7 1 1 1 -1 #SUP: 5473
3 5 5 7 7 1 1 1 1 -1 #SUP: 5427
3 5 5 7 7 1 1 1 1 1 -1 #SUP: 5326
3 5 5 7 7 1 1 1 2 -1 #SUP: 5308
3 5 5 7 7 1 1 2 -1 #SUP: 5340
3 5 5 7 7 1 2 -1 #SUP: 5351
3 5 5 7 7 2 -1 #SUP: 5354
3 5 5 7 7 7 -1 #SUP: 5391
3 5 5 7 7 7 1 -1 #SUP: 5391
3 5 5 7 7 7 1 1 -1 #SUP: 5382
3 5 5 7 7 7 1 1 1 -1 #SUP: 5335
3 5 6 -1 #SUP: 5597
3 5 6 1 -1 #SUP: 5590
3 5 6 1 1 -1 #SUP: 5586
3 5 6 1 1 1 -1 #SUP: 5574
3 5 6 1 1 1 1 -1 #SUP: 5549
3 5 6 1 1 1 1 1 -1 #SUP: 5490
3 5 6 1 1 1 1 1 1 -1 #SUP: 5406
3 5 6 1 1 1 1 1 2 -1 #SUP: 5342
3 5 6 1 1 1 1 2 -1 #SUP: 5418
3 5 6 1 1 1 2 -1 #SUP: 5456
3 5 6 1 1 2 -1 #SUP: 5475
3 5 6 1 1 2 1 -1 #SUP: 5326
3 5 6 1 2 -1 #SUP: 5485
3 5 6 1 2 1 -1 #SUP: 5360
3 5 6 2 -1 #SUP: 5517
3 5 6 2 1 -1 #SUP: 5428
3 5 6 2 1 1 -1 #SUP: 5329
3 5 6 2 2 -1 #SUP: 5376
3 5 6 5 -1 #SUP: 5469
3 5 6 5 1 -1 #SUP: 5463
3 5 6 5 1 1 -1 #SUP: 5458
3 5 6 5 1 1 1 -1 #SUP: 5448
3 5 6 5 1 1 1 1 -1 #SUP: 5429
3 5 6 5 1 1 1 1 1 -1 #SUP: 5374
3 5 6 5 1 1 1 2 -1 #SUP: 5305
3 5 6 5 1 1 2 -1 #SUP: 5324
3 5 6 5 1 2 -1 #SUP: 5340
3 5 6 5 2 -1 #SUP: 5411
3 5 6 5 2 1 -1 #SUP: 5334
3 5 6 5 5 -1 #SUP: 5390
3 5 6 5 5 1 -1 #SUP: 5388
3 5 6 5 5 1 1 -1 #SUP: 5381
3 5 6 5 5 1 1 1 -1 #SUP: 5374
3 5 6 5 5 1 1 1 1 -1 #SUP: 5355
3 5 6 5 5 1 1 1 1 1 -1 #SUP: 5304
3 5 6 5 5 2 -1 #SUP: 5328
3 5 6 6 -1 #SUP: 5332
3 5 6 6 1 -1 #SUP: 5329
3 5 6 6 1 1 -1 #SUP: 5325
3 5 6 6 1 1 1 -1 #SUP: 5319
3 5 6 6 1 1 1 1 -1 #SUP: 5302
3 5 6 7 -1 #SUP: 5454
3 5 6 7 1 -1 #SUP: 5454
3 5 6 7 1 1 -1 #SUP: 5453
3 5 6 7 1 1 1 -1 #SUP: 5442
3 5 6 7 1 1 1 1 -1 #SUP: 5416
3 5 6 7 1 1 1 1 1 -1 #SUP: 5355
3 5 6 7 1 1 1 2 -1 #SUP: 5319
3 5 6 7 1 1 2 -1 #SUP: 5334
3 5 6 7 1 2 -1 #SUP: 5341
3 5 6 7 2 -1 #SUP: 5342
3 5 6 7 7 -1 #SUP: 5397
3 5 6 7 7 1 -1 #SUP: 5397
3 5 6 7 7 1 1 -1 #SUP: 5396
3 5 6 7 7 1 1 1 -1 #SUP: 5373
3 5 6 7 7 1 1 1 1 -1 #SUP: 5322
3 5 7 -1 #SUP: 5566
3 5 7 1 -1 #SUP: 5564
3 5 7 1 1 -1 #SUP: 5563
3 5 7 1 1 1 -1 #SUP: 5553
3 5 7 1 1 1 1 -1 #SUP: 5527
3 5 7 1 1 1 1 1 -1 #SUP: 5472
3 5 7 1 1 1 1 1 1 -1 #SUP: 5361
3 5 7 1 1 1 1 2 -1 #SUP: 5357
3 5 7 1 1 1 2 -1 #SUP: 5402
3 5 7 1 1 2 -1 #SUP: 5416
3 5 7 1 2 -1 #SUP: 5424
3 5 7 2 -1 #SUP: 5429
3 5 7 7 -1 #SUP: 5511
3 5 7 7 1 -1 #SUP: 5511
3 5 7 7 1 1 -1 #SUP: 5510
3 5 7 7 1 1 1 -1 #SUP: 5490
3 5 7 7 1 1 1 1 -1 #SUP: 5446
3 5 7 7 1 1 1 1 1 -1 #SUP: 5349
3 5 7 7 1 1 1 2 -1 #SUP: 5326
3 5 7 7 1 1 2 -1 #SUP: 5354
3 5 7 7 1 2 -1 #SUP: 5364
3 5 7 7 2 -1 #SUP: 5367
3 5 7 7 7 -1 #SUP: 5408
3 5 7 7 7 1 -1 #SUP: 5408
3 5 7 7 7 1 1 -1 #SUP: 5399
3 5 7 7 7 1 1 1 -1 #SUP: 5358
3 6 -1 #SUP: 5618
3 6 1 -1 #SUP: 5611
3 6 1 1 -1 #SUP: 5604
3 6 1 1 1 -1 #SUP: 5593
3 6 1 1 1 1 -1 #SUP: 5564
3 6 1 1 1 1 1 -1 #SUP: 5506
3 6 1 1 1 1 1 1 -1 #SUP: 5418
3 6 1 1 1 1 1 1 1 -1 #SUP: 5300
3 6 1 1 1 1 1 2 -1 #SUP: 5357
3 6 1 1 1 1 2 -1 #SUP: 5434
3 6 1 1 1 2 -1 #SUP: 5476
3 6 1 1 2 -1 #SUP: 5494
3 6 1 1 2 1 -1 #SUP: 5343
3 6 1 2 -1 #SUP: 5507
3 6 1 2 1 -1 #SUP: 5379
3 6 1 2 2 -1 #SUP: 5318
3 6 2 -1 #SUP: 5540
3 6 2 1 -1 #SUP: 5454
3 6 2 1 1 -1 #SUP: 5356
3 6 2 2 -1 #SUP: 5407
3 6 5 -1 #SUP: 5493
3 6 5 1 -1 #SUP: 5487
3 6 5 1 1 -1 #SUP: 5480
3 6 5 1 1 1 -1 #SUP: 5468
3 6 5 1 1 1 1 -1 #SUP: 5445
3 6 5 1 1 1 1 1 -1 #SUP: 5390
3 6 5 1 1 1 2 -1 #SUP: 5325
3 6 5 1 1 2 -1 #SUP: 5346
3 6 5 1 2 -1 #SUP: 5364
3 6 5 2 -1 #SUP: 5436
3 6 5 2 1 -1 #SUP: 5362
3 6 5 2 2 -1 #SUP: 5317
3 6 5 5 -1 #SUP: 5422
3 6 5 5 1 -1 #SUP: 5420
3 6 5 5 1 1 -1 #SUP: 5411
3 6 5 5 1 1 1 -1 #SUP: 5401
3 6 5 5 1 1 1 1 -1 #SUP: 5383
3 6 5 5 1 1 1 1 1 -1 #SUP: 5329
3 6 5 5 2 -1 #SUP: 5360
3 6 5 5 5 -1 #SUP: 5303
3 6 5 5 5 1 -1 #SUP: 5299
3 6 6 -1 #SUP: 5360
3 6 6 1 -1 #SUP: 5357
3 6 6 1 1 -1 #SUP: 5351
3 6 6 1 1 1 -1 #SUP: 5343
3 6 6 1 1 1 1 -1 #SUP: 5324
3 6 7 -1 #SUP: 5466
3 6 7 1 -1 #SUP: 5466
3 6 7 1 1 -1 #SUP: 5465
3 6 7 1 1 1 -1 #SUP: 5453
3 6 7 1 1 1 1 -1 #SUP: 5428
3 6 7 1 1 1 1 1 -1 #SUP: 5366
3 6 7 1 1 1 2 -1 #SUP: 5330
3 6 7 1 1 2 -1 #SUP: 5346
3 6 7 1 2 -1 #SUP: 5353
3 6 7 2 -1 #SUP: 5354
3 6 7 7 -1 #SUP: 5411
3 6 7 7 1 -1 #SUP: 5411
3 6 7 7 1 1 -1 #SUP: 5410
3 6 7 7 1 1 1 -1 #SUP: 5387
3 6 7 7 1 1 1 1 -1 #SUP: 5338
3 7 -1 #SUP: 5578
3 7 1 -1 #SUP: 5576
3 7 1 1 -1 #SUP: 5575
3 7 1 1 1 -1 #SUP: 5564
3 7 1 1 1 1 -1 #SUP: 5539
3 7 1 1 1 1 1 -1 #SUP: 5484
3 7 1 1 1 1 1 1 -1 #SUP: 5374
3 7 1 1 1 1 2 -1 #SUP: 5369
3 7 1 1 1 2 -1 #SUP: 5413
3 7 1 1 2 -1 #SUP: 5428
3 7 1 2 -1 #SUP: 5436
3 7 2 -1 #SUP: 5441
3 7 7 -1 #SUP: 5520
3 7 7 1 -1 #SUP: 5520
3 7 7 1 1 -1 #SUP: 5519
3 7 7 1 1 1 -1 #SUP: 5499
3 7 7 1 1 1 1 -1 #SUP: 5454
3 7 7 1 1 1 1 1 -1 #SUP: 5357
3 7 7 1 1 1 2 -1 #SUP: 5335
3 7 7 1 1 2 -1 #SUP: 5363
3 7 7 1 2 -1 #SUP: 5373
3 7 7 2 -1 #SUP: 5376
3 7 7 7 -1 #SUP: 5418
3 7 7 7 1 -1 #SUP: 5418
3 7 7 7 1 1 -1 #SUP: 5409
3 7 7 7 1 1 1 -1 #SUP: 5369
4 -1 #SUP: 5821
4 1 -1 #SUP: 5802
4 1 1 -1 #SUP: 5737
4 1 1 1 -1 #SUP: 5635
4 1 1 1 1 -1 #SUP: 5490
4 1 1 1 1 1 -1 #SUP: 5345
4 1 1 1 2 -1 #SUP: 5444
4 1 1 2 -1 #SUP: 5602
4 1 1 2 1 -1 #SUP: 5390
4 1 2 -1 #SUP: 5724
4 1 2 1 -1 #SUP: 5564
4 1 2 1 1 -1 #SUP: 5326
4 1 2 2 -1 #SUP: 5463
4 2 -1 #SUP: 5821
4 2 1 -1 #SUP: 5778
4 2 1 1 -1 #SUP: 5659
4 2 1 1 1 -1 #SUP: 5471
4 2 1 1 2 -1 #SUP: 5383
4 2 1 2 -1 #SUP: 5605
4 2 1 2 1 -1 #SUP: 5344
4 2 2 -1 #SUP: 5769
4 2 2 1 -1 #SUP: 5648
4 2 2 1 1 -1 #SUP: 5406
4 2 2 1 2 -1 #SUP: 5343
4 2 2 2 -1 #SUP: 5588
4 2 2 2 1 -1 #SUP: 5310
4 3 -1 #SUP: 5704
4 3 1 -1 #SUP: 5599
4 3 1 1 -1 #SUP: 5462
4 3 1 2 -1 #SUP: 5319
4 3 2 -1 #SUP: 5699
4 3 2 1 -1 #SUP: 5572
4 3 2 1 1 -1 #SUP: 5400
4 3 2 2 -1 #SUP: 5567
4 3 2 2 1 -1 #SUP: 5353
4 3 3 -1 #SUP: 5430
4 3 3 2 -1 #SUP: 5413
4 5 -1 #SUP: 5372
4 5 1 -1 #SUP: 5370
4 5 1 1 -1 #SUP: 5351
4 5 1 1 1 -1 #SUP: 5315
4 5 2 -1 #SUP: 5346
5 -1 #SUP: 5887
5 1 -1 #SUP: 5887
5 1 1 -1 #SUP: 5887
5 1 1 1 -1 #SUP: 5886
5 1 1 1 1 -1 #SUP: 5874
5 1 1 1 1 1 -1 #SUP: 5838
5 1 1 1 1 1 1 -1 #SUP: 5770
5 1 1 1 1 1 1 1 -1 #SUP: 5678
5 1 1 1 1 1 1 1 1 -1 #SUP: 5497
5 1 1 1 1 1 1 1 2 -1 #SUP: 5480
5 1 1 1 1 1 1 2 -1 #SUP: 5623
5 1 1 1 1 1 1 2 1 -1 #SUP: 5328
5 1 1 1 1 1 1 2 2 -1 #SUP: 5301
5 1 1 1 1 1 2 -1 #SUP: 5714
5 1 1 1 1 1 2 1 -1 #SUP: 5471
5 1 1 1 1 1 2 2 -1 #SUP: 5438
5 1 1 1 1 2 -1 #SUP: 5770
5 1 1 1 1 2 1 -1 #SUP: 5581
5 1 1 1 1 2 2 -1 #SUP: 5542
5 1 1 1 2 -1 #SUP: 5801
5 1 1 1 2 1 -1 #SUP: 5668
5 1 1 1 2 1 1 -1 #SUP: 5443
5 1 1 1 2 1 2 -1 #SUP: 5391
5 1 1 1 2 2 -1 #SUP: 5601
5 1 1 2 -1 #SUP: 5809
5 1 1 2 1 -1 #SUP: 5721
5 1 1 2 1 1 -1 #SUP: 5555
5 1 1 2 1 1 1 -1 #SUP: 5335
5 1 1 2 1 2 -1 #SUP: 5477
5 1 1 2 2 -1 #SUP: 5637
5 1 1 2 2 1 -1 #SUP: 5381
5 1 1 2 2 2 -1 #SUP: 5323
5 1 1 7 -1 #SUP: 5498
5 1 1 7 1 -1 #SUP: 5493
5 1 1 7 1 1 -1 #SUP: 5450
5 1 1 7 1 1 1 -1 #SUP: 5322
5 1 1 7 1 2 -1 #SUP: 5363
5 1 1 7 2 -1 #SUP: 5374
5 1 2 -1 #SUP: 5821
5 1 2 1 -1 #SUP: 5756
5 1 2 1 1 -1 #SUP: 5639
5 1 2 1 1 1 -1 #SUP: 5478
5 1 2 1 1 2 -1 #SUP: 5350
5 1 2 1 2 -1 #SUP: 5539
5 1 2 2 -1 #SUP: 5679
5 1 2 2 1 -1 #SUP: 5479
5 1 2 2 2 -1 #SUP: 5401
5 1 7 -1 #SUP: 5640
5 1 7 1 -1 #SUP: 5636
5 1 7 1 1 -1 #SUP: 5594
5 1 7 1 1 1 -1 #SUP: 5480
5 1 7 1 1 1 1 -1 #SUP: 5301
5 1 7 1 1 1 2 -1 #SUP: 5301
5 1 7 1 1 2 -1 #SUP: 5444
5 1 7 1 2 -1 #SUP: 5509
5 1 7 2 -1 #SUP: 5518
5 1 7 7 -1 #SUP: 5397
5 1 7 7 1 -1 #SUP: 5393
5 1 7 7 1 1 -1 #SUP: 5352
5 2 -1 #SUP: 5870
5 2 1 -1 #SUP: 5843
5 2 1 1 -1 #SUP: 5780
5 2 1 1 1 -1 #SUP: 5674
5 2 1 1 1 1 -1 #SUP: 5534
5 2 1 1 1 1 1 -1 #SUP: 5332
5 2 1 1 1 2 -1 #SUP: 5397
5 2 1 1 2 -1 #SUP: 5561
5 2 1 1 2 1 -1 #SUP: 5301
5 2 1 2 -1 #SUP: 5689
5 2 1 2 1 -1 #SUP: 5508
5 2 1 2 2 -1 #SUP: 5429
5 2 2 -1 #SUP: 5823
5 2 2 1 -1 #SUP: 5720
5 2 2 1 1 -1 #SUP: 5546
5 2 2 1 1 1 -1 #SUP: 5326
5 2 2 1 2 -1 #SUP: 5448
5 2 2 2 -1 #SUP: 5669
5 2 2 2 1 -1 #SUP: 5444
5 2 2 2 2 -1 #SUP: 5410
5 2 3 -1 #SUP: 5382
5 3 -1 #SUP: 5737
5 3 1 -1 #SUP: 5616
5 3 1 1 -1 #SUP: 5469
5 3 1 2 -1 #SUP: 5331
5 3 2 -1 #SUP: 5732
5 3 2 1 -1 #SUP: 5588
5 3 2 1 1 -1 #SUP: 5405
5 3 2 2 -1 #SUP: 5592
5 3 2 2 1 -1 #SUP: 5363
5 3 3 -1 #SUP: 5515
5 3 3 1 -1 #SUP: 5363
5 3 3 2 -1 #SUP: 5498
5 3 3 2 1 -1 #SUP: 5316
5 4 -1 #SUP: 5772
5 4 1 -1 #SUP: 5743
5 4 1 1 -1 #SUP: 5666
5 4 1 1 1 -1 #SUP: 5544
5 4 1 1 1 1 -1 #SUP: 5379
5 4 1 1 1 2 -1 #SUP: 5322
5 4 1 1 2 -1 #SUP: 5505
5 4 1 2 -1 #SUP: 5651
5 4 1 2 1 -1 #SUP: 5475
5 4 1 2 2 -1 #SUP: 5353
5 4 2 -1 #SUP: 5771
5 4 2 1 -1 #SUP: 5716
5 4 2 1 1 -1 #SUP: 5586
5 4 2 1 1 1 -1 #SUP: 5385
5 4 2 1 2 -1 #SUP: 5531
5 4 2 2 -1 #SUP: 5718
5 4 2 2 1 -1 #SUP: 5585
5 4 2 2 1 1 -1 #SUP: 5336
5 4 2 2 2 -1 #SUP: 5525
5 4 3 -1 #SUP: 5620
5 4 3 1 -1 #SUP: 5519
5 4 3 1 1 -1 #SUP: 5379
5 4 3 2 -1 #SUP: 5615
5 4 3 2 1 -1 #SUP: 5491
5 4 3 2 1 1 -1 #SUP: 5315
5 4 3 2 2 -1 #SUP: 5483
5 4 3 3 -1 #SUP: 5324
5 4 3 3 2 -1 #SUP: 5307
5 5 -1 #SUP: 5887
5 5 1 -1 #SUP: 5887
5 5 1 1 -1 #SUP: 5887
5 5 1 1 1 -1 #SUP: 5886
5 5 1 1 1 1 -1 #SUP: 5873
5 5 1 1 1 1 1 -1 #SUP: 5838
5 5 1 1 1 1 1 1 -1 #SUP: 5769
5 5 1 1 1 1 1 1 1 -1 #SUP: 5675
5 5 1 1 1 1 1 1 1 1 -1 #SUP: 5489
5 5 1 1 1 1 1 1 1 2 -1 #SUP: 5475
5 5 1 1 1 1 1 1 2 -1 #SUP: 5621
5 5 1 1 1 1 1 1 2 1 -1 #SUP: 5324
5 5 1 1 1 1 1 1 2 2 -1 #SUP: 5299
5 5 1 1 1 1 1 2 -1 #SUP: 5714
5 5 1 1 1 1 1 2 1 -1 #SUP: 5468
5 5 1 1 1 1 1 2 2 -1 #SUP: 5437
5 5 1 1 1 1 2 -1 #SUP: 5769
5 5 1 1 1 1 2 1 -1 #SUP: 5580
5 5 1 1 1 1 2 2 -1 #SUP: 5541
5 5 1 1 1 2 -1 #SUP: 5800
5 5 1 1 1 2 1 -1 #SUP: 5666
5 5 1 1 1 2 1 1 -1 #SUP: 5439
5 5 1 1 1 2 1 2 -1 #SUP: 5389
5 5 1 1 1 2 2 -1 #SUP: 5600
5 5 1 1 2 -1 #SUP: 5808
5 5 1 1 2 1 -1 #SUP: 5717
5 5 1 1 2 1 1 -1 #SUP: 5549
5 5 1 1 2 1 1 1 -1 #SUP: 5327
5 5 1 1 2 1 2 -1 #SUP: 5471
5 5 1 1 2 2 -1 #SUP: 5633
5 5 1 1 2 2 1 -1 #SUP: 5373
5 5 1 1 2 2 2 -1 #SUP: 5321
5 5 1 1 7 -1 #SUP: 5493
5 5 1 1 7 1 -1 #SUP: 5488
5 5 1 1 7 1 1 -1 #SUP: 5445
5 5 1 1 7 1 1 1 -1 #SUP: 5314
5 5 1 1 7 1 2 -1 #SUP: 5358
5 5 1 1 7 2 -1 #SUP: 5369
5 5 1 2 -1 #SUP: 5820
5 5 1 2 1 -1 #SUP: 5752
5 5 1 2 1 1 -1 #SUP: 5632
5 5 1 2 1 1 1 -1 #SUP: 5467
5 5 1 2 1 1 2 -1 #SUP: 5340
5 5 1 2 1 2 -1 #SUP: 5532
5 5 1 2 2 -1 #SUP: 5674
5 5 1 2 2 1 -1 #SUP: 5471
5 5 1 2 2 2 -1 #SUP: 5397
5 5 1 7 -1 #SUP: 5636
5 5 1 7 1 -1 #SUP: 5632
5 5 1 7 1 1 -1 #SUP: 5590
5 5 1 7 1 1 1 -1 #SUP: 5471
5 5 1 7 1 1 2 -1 #SUP: 5439
5 5 1 7 1 2 -1 #SUP: 5504
5 5 1 7 2 -1 #SUP: 5513
5 5 1 7 7 -1 #SUP: 5393
5 5 1 7 7 1 -1 #SUP: 5389
5 5 1 7 7 1 1 -1 #SUP: 5348
5 5 2 -1 #SUP: 5867
5 5 2 1 -1 #SUP: 5836
5 5 2 1 1 -1 #SUP: 5769
5 5 2 1 1 1 -1 #SUP: 5657
5 5 2 1 1 1 1 -1 #SUP: 5508
5 5 2 1 1 1 1 1 -1 #SUP: 5300
5 5 2 1 1 1 2 -1 #SUP: 5375
5 5 2 1 1 2 -1 #SUP: 5545
5 5 2 1 2 -1 #SUP: 5679
5 5 2 1 2 1 -1 #SUP: 5491
5 5 2 1 2 2 -1 #SUP: 5414
5 5 2 2 -1 #SUP: 5813
5 5 2 2 1 -1 #SUP: 5704
5 5 2 2 1 1 -1 #SUP: 5522
5 5 2 2 1 2 -1 #SUP: 5429
5 5 2 2 2 -1 #SUP: 5655
5 5 2 2 2 1 -1 #SUP: 5423
5 5 2 2 2 2 -1 #SUP: 5395
5 5 2 3 -1 #SUP: 5324
5 5 3 -1 #SUP: 5684
5 5 3 1 -1 #SUP: 5552
5 5 3 1 1 -1 #SUP: 5403
5 5 3 2 -1 #SUP: 5678
5 5 3 2 1 -1 #SUP: 5522
5 5 3 2 1 1 -1 #SUP: 5337
5 5 3 2 2 -1 #SUP: 5533
5 5 3 3 -1 #SUP: 5453
5 5 3 3 2 -1 #SUP: 5435
5 5 4 -1 #SUP: 5730
5 5 4 1 -1 #SUP: 5700
5 5 4 1 1 -1 #SUP: 5615
5 5 4 1 1 1 -1 #SUP: 5486
5 5 4 1 1 1 1 -1 #SUP: 5316
5 5 4 1 1 2 -1 #SUP: 5442
5 5 4 1 2 -1 #SUP: 5598
5 5 4 1 2 1 -1 #SUP: 5408
5 5 4 2 -1 #SUP: 5726
5 5 4 2 1 -1 #SUP: 5667
5 5 4 2 1 1 -1 #SUP: 5526
5 5 4 2 1 1 1 -1 #SUP: 5314
5 5 4 2 1 2 -1 #SUP: 5472
5 5 4 2 2 -1 #SUP: 5665
5 5 4 2 2 1 -1 #SUP: 5527
5 5 4 2 2 2 -1 #SUP: 5465
5 5 4 3 -1 #SUP: 5546
5 5 4 3 1 -1 #SUP: 5446
5 5 4 3 1 1 -1 #SUP: 5301
5 5 4 3 2 -1 #SUP: 5540
5 5 4 3 2 1 -1 #SUP: 5416
5 5 4 3 2 2 -1 #SUP: 5407
5 5 5 -1 #SUP: 5883
5 5 5 1 -1 #SUP: 5882
5 5 5 1 1 -1 #SUP: 5878
5 5 5 1 1 1 -1 #SUP: 5877
5 5 5 1 1 1 1 -1 #SUP: 5864
5 5 5 1 1 1 1 1 -1 #SUP: 5827
5 5 5 1 1 1 1 1 1 -1 #SUP: 5759
5 5 5 1 1 1 1 1 1 1 -1 #SUP: 5666
5 5 5 1 1 1 1 1 1 1 1 -1 #SUP: 5464
5 5 5 1 1 1 1 1 1 1 2 -1 #SUP: 5463
5 5 5 1 1 1 1 1 1 2 -1 #SUP: 5612
5 5 5 1 1 1 1 1 1 2 1 -1 #SUP: 5309
5 5 5 1 1 1 1 1 2 -1 #SUP: 5702
5 5 5 1 1 1 1 1 2 1 -1 #SUP: 5454
5 5 5 1 1 1 1 1 2 2 -1 #SUP: 5426
5 5 5 1 1 1 1 2 -1 #SUP: 5759
5 5 5 1 1 1 1 2 1 -1 #SUP: 5565
5 5 5 1 1 1 1 2 2 -1 #SUP: 5532
5 5 5 1 1 1 2 -1 #SUP: 5790
5 5 5 1 1 1 2 1 -1 #SUP: 5653
5 5 5 1 1 1 2 1 1 -1 #SUP: 5415
5 5 5 1 1 1 2 1 2 -1 #SUP: 5376
5 5 5 1 1 1 2 2 -1 #SUP: 5590
5 5 5 1 1 2 -1 #SUP: 5797
5 5 5 1 1 2 1 -1 #SUP: 5702
5 5 5 1 1 2 1 1 -1 #SUP: 5526
5 5 5 1 1 2 1 1 1 -1 #SUP: 5299
5 5 5 1 1 2 1 2 -1 #SUP: 5458
5 5 5 1 1 2 2 -1 #SUP: 5623
5 5 5 1 1 2 2 1 -1 #SUP: 5353
5 5 5 1 1 2 2 2 -1 #SUP: 5307
5 5 5 1 1 7 -1 #SUP: 5481
5 5 5 1 1 7 1 -1 #SUP: 5476
5 5 5 1 1 7 1 1 -1 #SUP: 5433
5 5 5 1 1 7 1 1 1 -1 #SUP: 5299
5 5 5 1 1 7 1 2 -1 #SUP: 5345
5 5 5 1 1 7 2 -1 #SUP: 5356
5 5 5 1 2 -1 #SUP: 5813
5 5 5 1 2 1 -1 #SUP: 5738
5 5 5 1 2 1 1 -1 #SUP: 5608
5 5 5 1 2 1 1 1 -1 #SUP: 5438
5 5 5 1 2 1 1 2 -1 #SUP: 5316
5 5 5 1 2 1 2 -1 #SUP: 5519
5 5 5 1 2 2 -1 #SUP: 5665
5 5 5 1 2 2 1 -1 #SUP: 5449
5 5 5 1 2 2 2 -1 #SUP: 5383
5 5 5 1 7 -1 #SUP: 5623
5 5 5 1 7 1 -1 #SUP: 5619
5 5 5 1 7 1 1 -1 #SUP: 5577
5 5 5 1 7 1 1 1 -1 #SUP: 5450
5 5 5 1 7 1 1 2 -1 #SUP: 5426
5 5 5 1 7 1 2 -1 #SUP: 5490
5 5 5 1 7 2 -1 #SUP: 5499
5 5 5 1 7 7 -1 #SUP: 5369
5 5 5 1 7 7 1 -1 #SUP: 5365
5 5 5 1 7 7 1 1 -1 #SUP: 5324
5 5 5 2 -1 #SUP: 5854
5 5 5 2 1 -1 #SUP: 5817
5 5 5 2 1 1 -1 #SUP: 5737
5 5 5 2 1 1 1 -1 #SUP: 5614
5 5 5 2 1 1 1 1 -1 #SUP: 5455
5 5 5 2 1 1 1 2 -1 #SUP: 5336
5 5 5 2 1 1 2 -1 #SUP: 5516
5 5 5 2 1 2 -1 #SUP: 5665
5 5 5 2 1 2 1 -1 #SUP: 5454
5 5 5 2 1 2 2 -1 #SUP: 5391
5 5 5 2 2 -1 #SUP: 5798
5 5 5 2 2 1 -1 #SUP: 5676
5 5 5 2 2 1 1 -1 #SUP: 5465
5 5 5 2 2 1 2 -1 #SUP: 5396
5 5 5 2 2 2 -1 #SUP: 5632
5 5 5 2 2 2 1 -1 #SUP: 5370
5 5 5 2 2 2 2 -1 #SUP: 5364
5 5 5 3 -1 #SUP: 5577
5 5 5 3 1 -1 #SUP: 5412
5 5 5 3 2 -1 #SUP: 5572
5 5 5 3 2 1 -1 #SUP: 5383
5 5 5 3 2 2 -1 #SUP: 5410
5 5 5 3 3 -1 #SUP: 5307
5 5 5 4 -1 #SUP: 5630
5 5 5 4 1 -1 #SUP: 5595
5 5 5 4 1 1 -1 #SUP: 5500
5 5 5 4 1 1 1 -1 #SUP: 5350
5 5 5 4 1 1 2 -1 #SUP: 5311
5 5 5 4 1 2 -1 #SUP: 5486
5 5 5 4 2 -1 #SUP: 5618
5 5 5 4 2 1 -1 #SUP: 5549
5 5 5 4 2 1 1 -1 #SUP: 5391
5 5 5 4 2 1 2 -1 #SUP: 5355
5 5 5 4 2 2 -1 #SUP: 5554
5 5 5 4 2 2 1 -1 #SUP: 5406
5 5 5 4 2 2 2 -1 #SUP: 5344
5 5 5 4 3 -1 #SUP: 5384
5 5 5 4 3 2 -1 #SUP: 5379
5 5 5 5 -1 #SUP: 5881
5 5 5 5 1 -1 #SUP: 5877
5 5 5 5 1 1 -1 #SUP: 5867
5 5 5 5 1 1 1 -1 #SUP: 5861
5 5 5 5 1 1 1 1 -1 #SUP: 5847
5 5 5 5 1 1 1 1 1 -1 #SUP: 5810
5 5 5 5 1 1 1 1 1 1 -1 #SUP: 5741
5 5 5 5 1 1 1 1 1 1 1 -1 #SUP: 5637
5 5 5 5 1 1 1 1 1 1 1 1 -1 #SUP: 5432
5 5 5 5 1 1 1 1 1 1 1 2 -1 #SUP: 5431
5 5 5 5 1 1 1 1 1 1 2 -1 #SUP: 5586
5 5 5 5 1 1 1 1 1 2 -1 #SUP: 5680
5 5 5 5 1 1 1 1 1 2 1 -1 #SUP: 5415
5 5 5 5 1 1 1 1 1 2 2 -1 #SUP: 5397
5 5 5 5 1 1 1 1 2 -1 #SUP: 5736
5 5 5 5 1 1 1 1 2 1 -1 #SUP: 5530
5 5 5 5 1 1 1 1 2 2 -1 #SUP: 5505
5 5 5 5 1 1 1 2 -1 #SUP: 5767
5 5 5 5 1 1 1 2 1 -1 #SUP: 5615
5 5 5 5 1 1 1 2 1 1 -1 #SUP: 5367
5 5 5 5 1 1 1 2 1 2 -1 #SUP: 5338
5 5 5 5 1 1 1 2 2 -1 #SUP: 5560
5 5 5 5 1 1 2 -1 #SUP: 5778
5 5 5 5 1 1 2 1 -1 #SUP: 5665
5 5 5 5 1 1 2 1 1 -1 #SUP: 5475
5 5 5 5 1 1 2 1 2 -1 #SUP: 5419
5 5 5 5 1 1 2 2 -1 #SUP: 5597
5 5 5 5 1 1 2 2 1 -1 #SUP: 5300
5 5 5 5 1 1 7 -1 #SUP: 5451
5 5 5 5 1 1 7 1 -1 #SUP: 5447
5 5 5 5 1 1 7 1 1 -1 #SUP: 5404
5 5 5 5 1 1 7 1 2 -1 #SUP: 5314
5 5 5 5 1 1 7 2 -1 #SUP: 5324
5 5 5 5 1 2 -1 #SUP: 5798
5 5 5 5 1 2 1 -1 #SUP: 5704
5 5 5 5 1 2 1 1 -1 #SUP: 5556
5 5 5 5 1 2 1 1 1 -1 #SUP: 5373
5 5 5 5 1 2 1 2 -1 #SUP: 5484
5 5 5 5 1 2 2 -1 #SUP: 5643
5 5 5 5 1 2 2 1 -1 #SUP: 5398
5 5 5 5 1 2 2 2 -1 #SUP: 5351
5 5 5 5 1 7 -1 #SUP: 5593
5 5 5 5 1 7 1 -1 #SUP: 5589
5 5 5 5 1 7 1 1 -1 #SUP: 5546
5 5 5 5 1 7 1 1 1 -1 #SUP: 5413
5 5 5 5 1 7 1 1 2 -1 #SUP: 5391
5 5 5 5 1 7 1 2 -1 #SUP: 5457
5 5 5 5 1 7 2 -1 #SUP: 5466
5 5 5 5 1 7 7 -1 #SUP: 5337
5 5 5 5 1 7 7 1 -1 #SUP: 5333
5 5 5 5 2 -1 #SUP: 5838
5 5 5 5 2 1 -1 #SUP: 5776
5 5 5 5 2 1 1 -1 #SUP: 5670
5 5 5 5 2 1 1 1 -1 #SUP: 5527
5 5 5 5 2 1 1 1 1 -1 #SUP: 5350
5 5 5 5 2 1 1 2 -1 #SUP: 5444
5 5 5 5 2 1 2 -1 #SUP: 5614
5 5 5 5 2 1 2 1 -1 #SUP: 5368
5 5 5 5 2 1 2 2 -1 #SUP: 5332
5 5 5 5 2 2 -1 #SUP: 5762
5 5 5 5 2 2 1 -1 #SUP: 5597
5 5 5 5 2 2 1 1 -1 #SUP: 5347
5 5 5 5 2 2 1 2 -1 #SUP: 5316
5 5 5 5 2 2 2 -1 #SUP: 5581
5 5 5 5 3 -1 #SUP: 5352
5 5 5 5 3 2 -1 #SUP: 5340
5 5 5 5 4 -1 #SUP: 5412
5 5 5 5 4 1 -1 #SUP: 5369
5 5 5 5 4 2 -1 #SUP: 5389
5 5 5 5 4 2 2 -1 #SUP: 5303
5 5 5 5 5 -1 #SUP: 5857
5 5 5 5 5 1 -1 #SUP: 5847
5 5 5 5 5 1 1 -1 #SUP: 5834
5 5 5 5 5 1 1 1 -1 #SUP: 5825
5 5 5 5 5 1 1 1 1 -1 #SUP: 5806
5 5 5 5 5 1 1 1 1 1 -1 #SUP: 5773
5 5 5 5 5 1 1 1 1 1 1 -1 #SUP: 5705
5 5 5 5 5 1 1 1 1 1 1 1 -1 #SUP: 5590
5 5 5 5 5 1 1 1 1 1 1 1 1 -1 #SUP: 5380
5 5 5 5 5 1 1 1 1 1 1 1 2 -1 #SUP: 5376
5 5 5 5 5 1 1 1 1 1 1 2 -1 #SUP: 5537
5 5 5 5 5 1 1 1 1 1 2 -1 #SUP: 5635
5 5 5 5 5 1 1 1 1 1 2 1 -1 #SUP: 5361
5 5 5 5 5 1 1 1 1 1 2 2 -1 #SUP: 5341
5 5 5 5 5 1 1 1 1 2 -1 #SUP: 5686
5 5 5 5 5 1 1 1 1 2 1 -1 #SUP: 5473
5 5 5 5 5 1 1 1 1 2 2 -1 #SUP: 5447
5 5 5 5 5 1 1 1 2 -1 #SUP: 5720
5 5 5 5 5 1 1 1 2 1 -1 #SUP: 5556
5 5 5 5 5 1 1 1 2 2 -1 #SUP: 5500
5 5 5 5 5 1 1 2 -1 #SUP: 5736
5 5 5 5 5 1 1 2 1 -1 #SUP: 5606
5 5 5 5 5 1 1 2 1 1 -1 #SUP: 5391
5 5 5 5 5 1 1 2 1 2 -1 #SUP: 5355
5 5 5 5 5 1 1 2 2 -1 #SUP: 5542
5 5 5 5 5 1 1 7 -1 #SUP: 5397
5 5 5 5 5 1 1 7 1 -1 #SUP: 5393
5 5 5 5 5 1 1 7 1 1 -1 #SUP: 5352
5 5 5 5 5 1 2 -1 #SUP: 5758
5 5 5 5 5 1 2 1 -1 #SUP: 5643
5 5 5 5 5 1 2 1 1 -1 #SUP: 5472
5 5 5 5 5 1 2 1 2 -1 #SUP: 5418
5 5 5 5 5 1 2 2 -1 #SUP: 5586
5 5 5 5 5 1 2 2 1 -1 #SUP: 5308
5 5 5 5 5 1 7 -1 #SUP: 5542
5 5 5 5 5 1 7 1 -1 #SUP: 5538
5 5 5 5 5 1 7 1 1 -1 #SUP: 5496
5 5 5 5 5 1 7 1 1 1 -1 #SUP: 5364
5 5 5 5 5 1 7 1 1 2 -1 #SUP: 5333
5 5 5 5 5 1 7 1 2 -1 #SUP: 5400
5 5 5 5 5 1 7 2 -1 #SUP: 5409
5 5 5 5 5 2 -1 #SUP: 5798
5 5 5 5 5 2 1 -1 #SUP: 5707
5 5 5 5 5 2 1 1 -1 #SUP: 5574
5 5 5 5 5 2 1 1 1 -1 #SUP: 5407
5 5 5 5 5 2 1 1 2 -1 #SUP: 5331
5 5 5 5 5 2 1 2 -1 #SUP: 5532
5 5 5 5 5 2 2 -1 #SUP: 5692
5 5 5 5 5 2 2 1 -1 #SUP: 5471
5 5 5 5 5 2 2 2 -1 #SUP: 5471
5 5 5 5 5 5 -1 #SUP: 5821
5 5 5 5 5 5 1 -1 #SUP: 5810
5 5 5 5 5 5 1 1 -1 #SUP: 5786
5 5 5 5 5 5 1 1 1 -1 #SUP: 5754
5 5 5 5 5 5 1 1 1 1 -1 #SUP: 5733
5 5 5 5 5 5 1 1 1 1 1 -1 #SUP: 5701
5 5 5 5 5 5 1 1 1 1 1 1 -1 #SUP: 5638
5 5 5 5 5 5 1 1 1 1 1 1 1 -1 #SUP: 5525
5 5 5 5 5 5 1 1 1 1 1 1 1 1 -1 #SUP: 5321
5 5 5 5 5 5 1 1 1 1 1 1 1 2 -1 #SUP: 5309
5 5 5 5 5 5 1 1 1 1 1 1 2 -1 #SUP: 5465
5 5 5 5 5 5 1 1 1 1 1 2 -1 #SUP: 5555
5 5 5 5 5 5 1 1 1 1 2 -1 #SUP: 5600
5 5 5 5 5 5 1 1 1 1 2 1 -1 #SUP: 5379
5 5 5 5 5 5 1 1 1 1 2 2 -1 #SUP: 5339
5 5 5 5 5 5 1 1 1 2 -1 #SUP: 5632
5 5 5 5 5 5 1 1 1 2 1 -1 #SUP: 5460
5 5 5 5 5 5 1 1 1 2 2 -1 #SUP: 5393
5 5 5 5 5 5 1 1 2 -1 #SUP: 5671
5 5 5 5 5 5 1 1 2 1 -1 #SUP: 5511
5 5 5 5 5 5 1 1 2 2 -1 #SUP: 5445
5 5 5 5 5 5 1 1 7 -1 #SUP: 5315
5 5 5 5 5 5 1 1 7 1 -1 #SUP: 5311
5 5 5 5 5 5 1 2 -1 #SUP: 5704
5 5 5 5 5 5 1 2 1 -1 #SUP: 5566
5 5 5 5 5 5 1 2 1 1 -1 #SUP: 5355
5 5 5 5 5 5 1 2 1 2 -1 #SUP: 5318
5 5 5 5 5 5 1 2 2 -1 #SUP: 5499
5 5 5 5 5 5 1 7 -1 #SUP: 5452
5 5 5 5 5 5 1 7 1 -1 #SUP: 5448
5 5 5 5 5 5 1 7 1 1 -1 #SUP: 5406
5 5 5 5 5 5 1 7 1 2 -1 #SUP: 5308
5 5 5 5 5 5 1 7 2 -1 #SUP: 5316
5 5 5 5 5 5 2 -1 #SUP: 5741
5 5 5 5 5 5 2 1 -1 #SUP: 5636
5 5 5 5 5 5 2 1 1 -1 #SUP: 5467
5 5 5 5 5 5 2 1 2 -1 #SUP: 5435
5 5 5 5 5 5 2 2 -1 #SUP: 5603
5 5 5 5 5 5 2 2 1 -1 #SUP: 5343
5 5 5 5 5 5 2 2 2 -1 #SUP: 5333
5 5 5 5 5 5 5 -1 #SUP: 5761
5 5 5 5 5 5 5 1 -1 #SUP: 5750
5 5 5 5 5 5 5 1 1 -1 #SUP: 5712
5 5 5 5 5 5 5 1 1 1 -1 #SUP: 5660
5 5 5 5 5 5 5 1 1 1 1 -1 #SUP: 5617
5 5 5 5 5 5 5 1 1 1 1 1 -1 #SUP: 5577
5 5 5 5 5 5 5 1 1 1 1 1 1 -1 #SUP: 5513
5 5 5 5 5 5 5 1 1 1 1 1 1 1 -1 #SUP: 5402
5 5 5 5 5 5 5 1 1 1 1 1 1 2 -1 #SUP: 5332
5 5 5 5 5 5 5 1 1 1 1 1 2 -1 #SUP: 5415
5 5 5 5 5 5 5 1 1 1 1 2 -1 #SUP: 5464
5 5 5 5 5 5 5 1 1 1 2 -1 #SUP: 5513
5 5 5 5 5 5 5 1 1 1 2 1 -1 #SUP: 5321
5 5 5 5 5 5 5 1 1 2 -1 #SUP: 5570
5 5 5 5 5 5 5 1 1 2 1 -1 #SUP: 5385
5 5 5 5 5 5 5 1 1 2 2 -1 #SUP: 5309
5 5 5 5 5 5 5 1 2 -1 #SUP: 5625
5 5 5 5 5 5 5 1 2 1 -1 #SUP: 5460
5 5 5 5 5 5 5 1 2 2 -1 #SUP: 5383
5 5 5 5 5 5 5 1 7 -1 #SUP: 5324
5 5 5 5 5 5 5 1 7 1 -1 #SUP: 5320
5 5 5 5 5 5 5 2 -1 #SUP: 5661
5 5 5 5 5 5 5 2 1 -1 #SUP: 5545
5 5 5 5 5 5 5 2 1 1 -1 #SUP: 5343
5 5 5 5 5 5 5 2 1 2 -1 #SUP: 5310
5 5 5 5 5 5 5 2 2 -1 #SUP: 5482
5 5 5 5 5 5 5 5 -1 #SUP: 5645
5 5 5 5 5 5 5 5 1 -1 #SUP: 5636
5 5 5 5 5 5 5 5 1 1 -1 #SUP: 5591
5 5 5 5 5 5 5 5 1 1 1 -1 #SUP: 5520
5 5 5 5 5 5 5 5 1 1 1 1 -1 #SUP: 5441
5 5 5 5 5 5 5 5 1 1 1 1 1 -1 #SUP: 5375
5 5 5 5 5 5 5 5 1 1 1 1 1 1 -1 #SUP: 5309
5 5 5 5 5 5 5 5 1 1 1 2 -1 #SUP: 5339
5 5 5 5 5 5 5 5 1 1 2 -1 #SUP: 5422
5 5 5 5 5 5 5 5 1 2 -1 #SUP: 5492
5 5 5 5 5 5 5 5 1 2 1 -1 #SUP: 5310
5 5 5 5 5 5 5 5 2 -1 #SUP: 5526
5 5 5 5 5 5 5 5 2 1 -1 #SUP: 5400
5 5 5 5 5 5 5 5 2 2 -1 #SUP: 5319
5 5 5 5 5 5 5 5 5 -1 #SUP: 5487
5 5 5 5 5 5 5 5 5 1 -1 #SUP: 5480
5 5 5 5 5 5 5 5 5 1 1 -1 #SUP: 5428
5 5 5 5 5 5 5 5 5 1 1 1 -1 #SUP: 5348
5 5 5 5 5 5 5 5 5 1 2 -1 #SUP: 5327
5 5 5 5 5 5 5 5 5 2 -1 #SUP: 5362
5 5 5 5 5 5 5 5 7 -1 #SUP: 5379
5 5 5 5 5 5 5 5 7 1 -1 #SUP: 5377
5 5 5 5 5 5 5 5 7 1 1 -1 #SUP: 5368
5 5 5 5 5 5 5 5 7 1 1 1 -1 #SUP: 5346
5 5 5 5 5 5 5 5 7 1 1 1 1 -1 #SUP: 5308
5 5 5 5 5 5 5 6 -1 #SUP: 5476
5 5 5 5 5 5 5 6 1 -1 #SUP: 5468
5 5 5 5 5 5 5 6 1 1 -1 #SUP: 5450
5 5 5 5 5 5 5 6 1 1 1 -1 #SUP: 5395
5 5 5 5 5 5 5 6 1 1 1 1 -1 #SUP: 5347
5 5 5 5 5 5 5 6 1 1 2 -1 #SUP: 5312
5 5 5 5 5 5 5 6 1 2 -1 #SUP: 5345
5 5 5 5 5 5 5 6 2 -1 #SUP: 5374
5 5 5 5 5 5 5 7 -1 #SUP: 5592
5 5 5 5 5 5 5 7 1 -1 #SUP: 5590
5 5 5 5 5 5 5 7 1 1 -1 #SUP: 5582
5 5 5 5 5 5 5 7 1 1 1 -1 #SUP: 5557
5 5 5 5 5 5 5 7 1 1 1 1 -1 #SUP: 5525
5 5 5 5 5 5 5 7 1 1 1 1 1 -1 #SUP: 5469
5 5 5 5 5 5 5 7 1 1 1 1 1 1 -1 #SUP: 5367
5 5 5 5 5 5 5 7 1 1 1 1 2 -1 #SUP: 5348
5 5 5 5 5 5 5 7 1 1 1 2 -1 #SUP: 5404
5 5 5 5 5 5 5 7 1 1 2 -1 #SUP: 5432
5 5 5 5 5 5 5 7 1 2 -1 #SUP: 5449
5 5 5 5 5 5 5 7 2 -1 #SUP: 5455
5 5 5 5 5 5 5 7 7 -1 #SUP: 5487
5 5 5 5 5 5 5 7 7 1 -1 #SUP: 5486
5 5 5 5 5 5 5 7 7 1 1 -1 #SUP: 5477
5 5 5 5 5 5 5 7 7 1 1 1 -1 #SUP: 5432
5 5 5 5 5 5 5 7 7 1 1 1 1 -1 #SUP: 5360
5 5 5 5 5 5 5 7 7 1 1 2 -1 #SUP: 5316
5 5 5 5 5 5 5 7 7 1 2 -1 #SUP: 5340
5 5 5 5 5 5 5 7 7 2 -1 #SUP: 5344
5 5 5 5 5 5 5 7 7 7 -1 #SUP: 5308
5 5 5 5 5 5 5 7 7 7 1 -1 #SUP: 5307
5 5 5 5 5 5 6 -1 #SUP: 5615
5 5 5 5 5 5 6 1 -1 #SUP: 5604
5 5 5 5 5 5 6 1 1 -1 #SUP: 5584
5 5 5 5 5 5 6 1 1 1 -1 #SUP: 5550
5 5 5 5 5 5 6 1 1 1 1 -1 #SUP: 5523
5 5 5 5 5 5 6 1 1 1 1 1 -1 #SUP: 5476
5 5 5 5 5 5 6 1 1 1 1 1 1 -1 #SUP: 5401
5 5 5 5 5 5 6 1 1 1 1 1 2 -1 #SUP: 5317
5 5 5 5 5 5 6 1 1 1 1 2 -1 #SUP: 5383
5 5 5 5 5 5 6 1 1 1 2 -1 #SUP: 5416
5 5 5 5 5 5 6 1 1 2 -1 #SUP: 5457
5 5 5 5 5 5 6 1 2 -1 #SUP: 5484
5 5 5 5 5 5 6 1 2 1 -1 #SUP: 5320
5 5 5 5 5 5 6 2 -1 #SUP: 5518
5 5 5 5 5 5 6 2 1 -1 #SUP: 5381
5 5 5 5 5 5 6 2 2 -1 #SUP: 5301
5 5 5 5 5 5 6 5 -1 #SUP: 5333
5 5 5 5 5 5 6 5 1 -1 #SUP: 5322
5 5 5 5 5 5 6 7 -1 #SUP: 5465
5 5 5 5 5 5 6 7 1 -1 #SUP: 5465
5 5 5 5 5 5 6 7 1 1 -1 #SUP: 5460
5 5 5 5 5 5 6 7 1 1 1 -1 #SUP: 5436
5 5 5 5 5 5 6 7 1 1 1 1 -1 #SUP: 5407
5 5 5 5 5 5 6 7 1 1 1 1 1 -1 #SUP: 5340
5 5 5 5 5 5 6 7 1 1 1 2 -1 #SUP: 5315
5 5 5 5 5 5 6 7 1 1 2 -1 #SUP: 5346
5 5 5 5 5 5 6 7 1 2 -1 #SUP: 5356
5 5 5 5 5 5 6 7 2 -1 #SUP: 5359
5 5 5 5 5 5 6 7 7 -1 #SUP: 5345
5 5 5 5 5 5 6 7 7 1 -1 #SUP: 5345
5 5 5 5 5 5 6 7 7 1 1 -1 #SUP: 5332
5 5 5 5 5 5 7 -1 #SUP: 5728
5 5 5 5 5 5 7 1 -1 #SUP: 5726
5 5 5 5 5 5 7 1 1 -1 #SUP: 5720
5 5 5 5 5 5 7 1 1 1 -1 #SUP: 5692
5 5 5 5 5 5 7 1 1 1 1 -1 #SUP: 5664
5 5 5 5 5 5 7 1 1 1 1 1 -1 #SUP: 5608
5 5 5 5 5 5 7 1 1 1 1 1 1 -1 #SUP: 5502
5 5 5 5 5 5 7 1 1 1 1 1 1 1 -1 #SUP: 5348
5 5 5 5 5 5 7 1 1 1 1 1 2 -1 #SUP: 5415
5 5 5 5 5 5 7 1 1 1 1 2 -1 #SUP: 5490
5 5 5 5 5 5 7 1 1 1 2 -1 #SUP: 5540
5 5 5 5 5 5 7 1 1 1 2 1 -1 #SUP: 5310
5 5 5 5 5 5 7 1 1 2 -1 #SUP: 5571
5 5 5 5 5 5 7 1 1 2 1 -1 #SUP: 5371
5 5 5 5 5 5 7 1 2 -1 #SUP: 5584
5 5 5 5 5 5 7 1 2 1 -1 #SUP: 5414
5 5 5 5 5 5 7 1 2 2 -1 #SUP: 5315
5 5 5 5 5 5 7 2 -1 #SUP: 5591
5 5 5 5 5 5 7 2 1 -1 #SUP: 5429
5 5 5 5 5 5 7 2 2 -1 #SUP: 5329
5 5 5 5 5 5 7 7 -1 #SUP: 5630
5 5 5 5 5 5 7 7 1 -1 #SUP: 5630
5 5 5 5 5 5 7 7 1 1 -1 #SUP: 5622
5 5 5 5 5 5 7 7 1 1 1 -1 #SUP: 5584
5 5 5 5 5 5 7 7 1 1 1 1 -1 #SUP: 5522
5 5 5 5 5 5 7 7 1 1 1 1 1 -1 #SUP: 5414
5 5 5 5 5 5 7 7 1 1 1 1 2 -1 #SUP: 5316
5 5 5 5 5 5 7 7 1 1 1 2 -1 #SUP: 5415
5 5 5 5 5 5 7 7 1 1 2 -1 #SUP: 5462
5 5 5 5 5 5 7 7 1 2 -1 #SUP: 5483
5 5 5 5 5 5 7 7 2 -1 #SUP: 5487
5 5 5 5 5 5 7 7 2 1 -1 #SUP: 5310
5 5 5 5 5 5 7 7 7 -1 #SUP: 5459
5 5 5 5 5 5 7 7 7 1 -1 #SUP: 5459
5 5 5 5 5 5 7 7 7 1 1 -1 #SUP: 5440
5 5 5 5 5 5 7 7 7 1 1 1 -1 #SUP: 5382
5 5 5 5 5 5 7 7 7 1 2 -1 #SUP: 5309
5 5 5 5 5 5 7 7 7 2 -1 #SUP: 5312
5 5 5 5 5 6 -1 #SUP: 5699
5 5 5 5 5 6 1 -1 #SUP: 5693
5 5 5 5 5 6 1 1 -1 #SUP: 5681
5 5 5 5 5 6 1 1 1 -1 #SUP: 5666
5 5 5 5 5 6 1 1 1 1 -1 #SUP: 5642
5 5 5 5 5 6 1 1 1 1 1 -1 #SUP: 5599
5 5 5 5 5 6 1 1 1 1 1 1 -1 #SUP: 5518
5 5 5 5 5 6 1 1 1 1 1 1 1 -1 #SUP: 5388
5 5 5 5 5 6 1 1 1 1 1 1 2 -1 #SUP: 5325
5 5 5 5 5 6 1 1 1 1 1 2 -1 #SUP: 5443
5 5 5 5 5 6 1 1 1 1 2 -1 #SUP: 5505
5 5 5 5 5 6 1 1 1 2 -1 #SUP: 5535
5 5 5 5 5 6 1 1 1 2 1 -1 #SUP: 5329
5 5 5 5 5 6 1 1 2 -1 #SUP: 5557
5 5 5 5 5 6 1 1 2 1 -1 #SUP: 5381
5 5 5 5 5 6 1 1 2 2 -1 #SUP: 5312
5 5 5 5 5 6 1 2 -1 #SUP: 5573
5 5 5 5 5 6 1 2 1 -1 #SUP: 5416
5 5 5 5 5 6 1 2 2 -1 #SUP: 5347
5 5 5 5 5 6 2 -1 #SUP: 5603
5 5 5 5 5 6 2 1 -1 #SUP: 5470
5 5 5 5 5 6 2 2 -1 #SUP: 5393
5 5 5 5 5 6 5 -1 #SUP: 5480
5 5 5 5 5 6 5 1 -1 #SUP: 5470
5 5 5 5 5 6 5 1 1 -1 #SUP: 5443
5 5 5 5 5 6 5 1 1 1 -1 #SUP: 5405
5 5 5 5 5 6 5 1 1 1 1 -1 #SUP: 5371
5 5 5 5 5 6 5 1 1 1 1 1 -1 #SUP: 5325
5 5 5 5 5 6 5 1 2 -1 #SUP: 5320
5 5 5 5 5 6 5 2 -1 #SUP: 5409
5 5 5 5 5 6 5 5 -1 #SUP: 5325
5 5 5 5 5 6 5 5 1 -1 #SUP: 5318
5 5 5 5 5 6 6 -1 #SUP: 5359
5 5 5 5 5 6 6 1 -1 #SUP: 5355
5 5 5 5 5 6 6 1 1 -1 #SUP: 5342
5 5 5 5 5 6 6 1 1 1 -1 #SUP: 5324
5 5 5 5 5 6 6 1 1 1 1 -1 #SUP: 5299
5 5 5 5 5 6 7 -1 #SUP: 5594
5 5 5 5 5 6 7 1 -1 #SUP: 5594
5 5 5 5 5 6 7 1 1 -1 #SUP: 5591
5 5 5 5 5 6 7 1 1 1 -1 #SUP: 5571
5 5 5 5 5 6 7 1 1 1 1 -1 #SUP: 5541
5 5 5 5 5 6 7 1 1 1 1 1 -1 #SUP: 5474
5 5 5 5 5 6 7 1 1 1 1 1 1 -1 #SUP: 5347
5 5 5 5 5 6 7 1 1 1 1 1 2 -1 #SUP: 5304
5 5 5 5 5 6 7 1 1 1 1 2 -1 #SUP: 5396
5 5 5 5 5 6 7 1 1 1 2 -1 #SUP: 5451
5 5 5 5 5 6 7 1 1 2 -1 #SUP: 5476
5 5 5 5 5 6 7 1 2 -1 #SUP: 5485
5 5 5 5 5 6 7 1 2 1 -1 #SUP: 5324
5 5 5 5 5 6 7 2 -1 #SUP: 5487
5 5 5 5 5 6 7 2 1 -1 #SUP: 5334
5 5 5 5 5 6 7 7 -1 #SUP: 5498
5 5 5 5 5 6 7 7 1 -1 #SUP: 5498
5 5 5 5 5 6 7 7 1 1 -1 #SUP: 5488
5 5 5 5 5 6 7 7 1 1 1 -1 #SUP: 5450
5 5 5 5 5 6 7 7 1 1 1 1 -1 #SUP: 5386
5 5 5 5 5 6 7 7 1 1 1 2 -1 #SUP: 5318
5 5 5 5 5 6 7 7 1 1 2 -1 #SUP: 5364
5 5 5 5 5 6 7 7 1 2 -1 #SUP: 5385
5 5 5 5 5 6 7 7 2 -1 #SUP: 5388
5 5 5 5 5 6 7 7 7 -1 #SUP: 5313
5 5 5 5 5 6 7 7 7 1 -1 #SUP: 5312
5 5 5 5 5 7 -1 #SUP: 5795
5 5 5 5 5 7 1 -1 #SUP: 5794
5 5 5 5 5 7 1 1 -1 #SUP: 5791
5 5 5 5 5 7 1 1 1 -1 #SUP: 5774
5 5 5 5 5 7 1 1 1 1 -1 #SUP: 5747
5 5 5 5 5 7 1 1 1 1 1 -1 #SUP: 5691
5 5 5 5 5 7 1 1 1 1 1 1 -1 #SUP: 5580
5 5 5 5 5 7 1 1 1 1 1 1 1 -1 #SUP: 5420
5 5 5 5 5 7 1 1 1 1 1 1 2 -1 #SUP: 5357
5 5 5 5 5 7 1 1 1 1 1 2 -1 #SUP: 5499
5 5 5 5 5 7 1 1 1 1 2 -1 #SUP: 5574
5 5 5 5 5 7 1 1 1 2 -1 #SUP: 5623
5 5 5 5 5 7 1 1 1 2 1 -1 #SUP: 5391
5 5 5 5 5 7 1 1 1 2 2 -1 #SUP: 5308
5 5 5 5 5 7 1 1 2 -1 #SUP: 5644
5 5 5 5 5 7 1 1 2 1 -1 #SUP: 5452
5 5 5 5 5 7 1 1 2 2 -1 #SUP: 5365
5 5 5 5 5 7 1 2 -1 #SUP: 5655
5 5 5 5 5 7 1 2 1 -1 #SUP: 5487
5 5 5 5 5 7 1 2 2 -1 #SUP: 5388
5 5 5 5 5 7 2 -1 #SUP: 5659
5 5 5 5 5 7 2 1 -1 #SUP: 5499
5 5 5 5 5 7 2 2 -1 #SUP: 5397
5 5 5 5 5 7 7 -1 #SUP: 5724
5 5 5 5 5 7 7 1 -1 #SUP: 5724
5 5 5 5 5 7 7 1 1 -1 #SUP: 5719
5 5 5 5 5 7 7 1 1 1 -1 #SUP: 5681
5 5 5 5 5 7 7 1 1 1 1 -1 #SUP: 5622
5 5 5 5 5 7 7 1 1 1 1 1 -1 #SUP: 5514
5 5 5 5 5 7 7 1 1 1 1 1 1 -1 #SUP: 5339
5 5 5 5 5 7 7 1 1 1 1 2 -1 #SUP: 5419
5 5 5 5 5 7 7 1 1 1 2 -1 #SUP: 5515
5 5 5 5 5 7 7 1 1 2 -1 #SUP: 5560
5 5 5 5 5 7 7 1 1 2 1 -1 #SUP: 5333
5 5 5 5 5 7 7 1 2 -1 #SUP: 5578
5 5 5 5 5 7 7 1 2 1 -1 #SUP: 5389
5 5 5 5 5 7 7 1 2 2 -1 #SUP: 5301
5 5 5 5 5 7 7 2 -1 #SUP: 5581
5 5 5 5 5 7 7 2 1 -1 #SUP: 5405
5 5 5 5 5 7 7 2 2 -1 #SUP: 5311
5 5 5 5 5 7 7 7 -1 #SUP: 5574
5 5 5 5 5 7 7 7 1 -1 #SUP: 5574
5 5 5 5 5 7 7 7 1 1 -1 #SUP: 5557
5 5 5 5 5 7 7 7 1 1 1 -1 #SUP: 5499
5 5 5 5 5 7 7 7 1 1 1 1 -1 #SUP: 5397
5 5 5 5 5 7 7 7 1 1 1 2 -1 #SUP: 5315
5 5 5 5 5 7 7 7 1 1 2 -1 #SUP: 5390
5 5 5 5 5 7 7 7 1 2 -1 #SUP: 5424
5 5 5 5 5 7 7 7 2 -1 #SUP: 5427
5 5 5 5 5 7 7 7 7 -1 #SUP: 5305
5 5 5 5 5 7 7 7 7 1 -1 #SUP: 5304
5 5 5 5 6 -1 #SUP: 5758
5 5 5 5 6 1 -1 #SUP: 5756
5 5 5 5 6 1 1 -1 #SUP: 5744
5 5 5 5 6 1 1 1 -1 #SUP: 5736
5 5 5 5 6 1 1 1 1 -1 #SUP: 5719
5 5 5 5 6 1 1 1 1 1 -1 #SUP: 5674
5 5 5 5 6 1 1 1 1 1 1 -1 #SUP: 5596
5 5 5 5 6 1 1 1 1 1 1 1 -1 #SUP: 5464
5 5 5 5 6 1 1 1 1 1 1 2 -1 #SUP: 5411
5 5 5 5 6 1 1 1 1 1 2 -1 #SUP: 5525
5 5 5 5 6 1 1 1 1 2 -1 #SUP: 5586
5 5 5 5 6 1 1 1 1 2 1 -1 #SUP: 5329
5 5 5 5 6 1 1 1 1 2 2 -1 #SUP: 5299
5 5 5 5 6 1 1 1 2 -1 #SUP: 5608
5 5 5 5 6 1 1 1 2 1 -1 #SUP: 5407
5 5 5 5 6 1 1 1 2 2 -1 #SUP: 5358
5 5 5 5 6 1 1 2 -1 #SUP: 5623
5 5 5 5 6 1 1 2 1 -1 #SUP: 5454
5 5 5 5 6 1 1 2 2 -1 #SUP: 5391
5 5 5 5 6 1 2 -1 #SUP: 5637
5 5 5 5 6 1 2 1 -1 #SUP: 5482
5 5 5 5 6 1 2 2 -1 #SUP: 5425
5 5 5 5 6 2 -1 #SUP: 5661
5 5 5 5 6 2 1 -1 #SUP: 5538
5 5 5 5 6 2 1 1 -1 #SUP: 5358
5 5 5 5 6 2 1 2 -1 #SUP: 5310
5 5 5 5 6 2 2 -1 #SUP: 5466
5 5 5 5 6 5 -1 #SUP: 5581
5 5 5 5 6 5 1 -1 #SUP: 5570
5 5 5 5 6 5 1 1 -1 #SUP: 5555
5 5 5 5 6 5 1 1 1 -1 #SUP: 5539
5 5 5 5 6 5 1 1 1 1 -1 #SUP: 5515
5 5 5 5 6 5 1 1 1 1 1 -1 #SUP: 5473
5 5 5 5 6 5 1 1 1 1 1 1 -1 #SUP: 5391
5 5 5 5 6 5 1 1 1 1 2 -1 #SUP: 5339
5 5 5 5 6 5 1 1 1 2 -1 #SUP: 5373
5 5 5 5 6 5 1 1 2 -1 #SUP: 5402
5 5 5 5 6 5 1 2 -1 #SUP: 5427
5 5 5 5 6 5 2 -1 #SUP: 5510
5 5 5 5 6 5 2 1 -1 #SUP: 5395
5 5 5 5 6 5 2 2 -1 #SUP: 5337
5 5 5 5 6 5 5 -1 #SUP: 5473
5 5 5 5 6 5 5 1 -1 #SUP: 5461
5 5 5 5 6 5 5 1 1 -1 #SUP: 5426
5 5 5 5 6 5 5 1 1 1 -1 #SUP: 5385
5 5 5 5 6 5 5 1 1 1 1 -1 #SUP: 5347
5 5 5 5 6 5 5 1 2 -1 #SUP: 5307
5 5 5 5 6 5 5 2 -1 #SUP: 5401
5 5 5 5 6 5 7 -1 #SUP: 5365
5 5 5 5 6 5 7 1 -1 #SUP: 5364
5 5 5 5 6 5 7 1 1 -1 #SUP: 5357
5 5 5 5 6 5 7 1 1 1 -1 #SUP: 5336
5 5 5 5 6 5 7 1 1 1 1 -1 #SUP: 5306
5 5 5 5 6 6 -1 #SUP: 5479
5 5 5 5 6 6 1 -1 #SUP: 5477
5 5 5 5 6 6 1 1 -1 #SUP: 5467
5 5 5 5 6 6 1 1 1 -1 #SUP: 5454
5 5 5 5 6 6 1 1 1 1 -1 #SUP: 5432
5 5 5 5 6 6 1 1 1 1 1 -1 #SUP: 5389
5 5 5 5 6 6 1 1 1 2 -1 #SUP: 5328
5 5 5 5 6 6 1 1 2 -1 #SUP: 5351
5 5 5 5 6 6 1 2 -1 #SUP: 5365
5 5 5 5 6 6 2 -1 #SUP: 5403
5 5 5 5 6 6 7 -1 #SUP: 5349
5 5 5 5 6 6 7 1 -1 #SUP: 5349
5 5 5 5 6 6 7 1 1 -1 #SUP: 5342
5 5 5 5 6 6 7 1 1 1 -1 #SUP: 5318
5 5 5 5 6 7 -1 #SUP: 5677
5 5 5 5 6 7 1 -1 #SUP: 5676
5 5 5 5 6 7 1 1 -1 #SUP: 5673
5 5 5 5 6 7 1 1 1 -1 #SUP: 5655
5 5 5 5 6 7 1 1 1 1 -1 #SUP: 5625
5 5 5 5 6 7 1 1 1 1 1 -1 #SUP: 5558
5 5 5 5 6 7 1 1 1 1 1 1 -1 #SUP: 5429
5 5 5 5 6 7 1 1 1 1 1 2 -1 #SUP: 5392
5 5 5 5 6 7 1 1 1 1 2 -1 #SUP: 5482
5 5 5 5 6 7 1 1 1 2 -1 #SUP: 5535
5 5 5 5 6 7 1 1 1 2 1 -1 #SUP: 5305
5 5 5 5 6 7 1 1 2 -1 #SUP: 5558
5 5 5 5 6 7 1 1 2 1 -1 #SUP: 5373
5 5 5 5 6 7 1 1 2 2 -1 #SUP: 5306
5 5 5 5 6 7 1 2 -1 #SUP: 5567
5 5 5 5 6 7 1 2 1 -1 #SUP: 5406
5 5 5 5 6 7 1 2 2 -1 #SUP: 5328
5 5 5 5 6 7 2 -1 #SUP: 5569
5 5 5 5 6 7 2 1 -1 #SUP: 5416
5 5 5 5 6 7 2 2 -1 #SUP: 5336
5 5 5 5 6 7 7 -1 #SUP: 5591
5 5 5 5 6 7 7 1 -1 #SUP: 5590
5 5 5 5 6 7 7 1 1 -1 #SUP: 5581
5 5 5 5 6 7 7 1 1 1 -1 #SUP: 5544
5 5 5 5 6 7 7 1 1 1 1 -1 #SUP: 5477
5 5 5 5 6 7 7 1 1 1 1 1 -1 #SUP: 5361
5 5 5 5 6 7 7 1 1 1 1 2 -1 #SUP: 5305
5 5 5 5 6 7 7 1 1 1 2 -1 #SUP: 5411
5 5 5 5 6 7 7 1 1 2 -1 #SUP: 5456
5 5 5 5 6 7 7 1 2 -1 #SUP: 5477
5 5 5 5 6 7 7 2 -1 #SUP: 5480
5 5 5 5 6 7 7 2 1 -1 #SUP: 5310
5 5 5 5 6 7 7 7 -1 #SUP: 5414
5 5 5 5 6 7 7 7 1 -1 #SUP: 5413
5 5 5 5 6 7 7 7 1 1 -1 #SUP: 5391
5 5 5 5 6 7 7 7 1 1 1 -1 #SUP: 5320
5 5 5 5 6 7 7 7 1 2 -1 #SUP: 5299
5 5 5 5 6 7 7 7 2 -1 #SUP: 5303
5 5 5 5 7 -1 #SUP: 5840
5 5 5 5 7 1 -1 #SUP: 5839
5 5 5 5 7 1 1 -1 #SUP: 5838
5 5 5 5 7 1 1 1 -1 #SUP: 5822
5 5 5 5 7 1 1 1 1 -1 #SUP: 5794
5 5 5 5 7 1 1 1 1 1 -1 #SUP: 5737
5 5 5 5 7 1 1 1 1 1 1 -1 #SUP: 5622
5 5 5 5 7 1 1 1 1 1 1 1 -1 #SUP: 5458
5 5 5 5 7 1 1 1 1 1 1 2 -1 #SUP: 5399
5 5 5 5 7 1 1 1 1 1 2 -1 #SUP: 5545
5 5 5 5 7 1 1 1 1 2 -1 #SUP: 5621
5 5 5 5 7 1 1 1 1 2 1 -1 #SUP: 5327
5 5 5 5 7 1 1 1 2 -1 #SUP: 5670
5 5 5 5 7 1 1 1 2 1 -1 #SUP: 5435
5 5 5 5 7 1 1 1 2 2 -1 #SUP: 5357
5 5 5 5 7 1 1 2 -1 #SUP: 5690
5 5 5 5 7 1 1 2 1 -1 #SUP: 5498
5 5 5 5 7 1 1 2 2 -1 #SUP: 5412
5 5 5 5 7 1 2 -1 #SUP: 5699
5 5 5 5 7 1 2 1 -1 #SUP: 5533
5 5 5 5 7 1 2 2 -1 #SUP: 5432
5 5 5 5 7 2 -1 #SUP: 5703
5 5 5 5 7 2 1 -1 #SUP: 5544
5 5 5 5 7 2 1 1 -1 #SUP: 5322
5 5 5 5 7 2 2 -1 #SUP: 5441
5 5 5 5 7 7 -1 #SUP: 5775
5 5 5 5 7 7 1 -1 #SUP: 5774
5 5 5 5 7 7 1 1 -1 #SUP: 5771
5 5 5 5 7 7 1 1 1 -1 #SUP: 5738
5 5 5 5 7 7 1 1 1 1 -1 #SUP: 5678
5 5 5 5 7 7 1 1 1 1 1 -1 #SUP: 5571
5 5 5 5 7 7 1 1 1 1 1 1 -1 #SUP: 5394
5 5 5 5 7 7 1 1 1 1 1 2 -1 #SUP: 5333
5 5 5 5 7 7 1 1 1 1 2 -1 #SUP: 5477
5 5 5 5 7 7 1 1 1 2 -1 #SUP: 5571
5 5 5 5 7 7 1 1 2 -1 #SUP: 5613
5 5 5 5 7 7 1 1 2 1 -1 #SUP: 5389
5 5 5 5 7 7 1 1 2 2 -1 #SUP: 5318
5 5 5 5 7 7 1 2 -1 #SUP: 5627
5 5 5 5 7 7 1 2 1 -1 #SUP: 5441
5 5 5 5 7 7 1 2 2 -1 #SUP: 5351
5 5 5 5 7 7 2 -1 #SUP: 5631
5 5 5 5 7 7 2 1 -1 #SUP: 5456
5 5 5 5 7 7 2 2 -1 #SUP: 5361
5 5 5 5 7 7 7 -1 #SUP: 5633
5 5 5 5 7 7 7 1 -1 #SUP: 5633
5 5 5 5 7 7 7 1 1 -1 #SUP: 5616
5 5 5 5 7 7 7 1 1 1 -1 #SUP: 5563
5 5 5 5 7 7 7 1 1 1 1 -1 #SUP: 5462
5 5 5 5 7 7 7 1 1 1 2 -1 #SUP: 5379
5 5 5 5 7 7 7 1 1 2 -1 #SUP: 5449
5 5 5 5 7 7 7 1 2 -1 #SUP: 5482
5 5 5 5 7 7 7 2 -1 #SUP: 5485
5 5 5 5 7 7 7 7 -1 #SUP: 5365
5 5 5 5 7 7 7 7 1 -1 #SUP: 5364
5 5 5 5 7 7 7 7 1 1 -1 #SUP: 5337
5 5 5 6 -1 #SUP: 5773
5 5 5 6 1 -1 #SUP: 5773
5 5 5 6 1 1 -1 #SUP: 5769
5 5 5 6 1 1 1 -1 #SUP: 5767
5 5 5 6 1 1 1 1 -1 #SUP: 5752
5 5 5 6 1 1 1 1 1 -1 #SUP: 5708
5 5 5 6 1 1 1 1 1 1 -1 #SUP: 5636
5 5 5 6 1 1 1 1 1 1 1 -1 #SUP: 5522
5 5 5 6 1 1 1 1 1 1 2 -1 #SUP: 5456
5 5 5 6 1 1 1 1 1 2 -1 #SUP: 5560
5 5 5 6 1 1 1 1 2 -1 #SUP: 5621
5 5 5 6 1 1 1 1 2 1 -1 #SUP: 5377
5 5 5 6 1 1 1 1 2 2 -1 #SUP: 5350
5 5 5 6 1 1 1 2 -1 #SUP: 5643
5 5 5 6 1 1 1 2 1 -1 #SUP: 5456
5 5 5 6 1 1 1 2 2 -1 #SUP: 5408
5 5 5 6 1 1 2 -1 #SUP: 5650
5 5 5 6 1 1 2 1 -1 #SUP: 5498
5 5 5 6 1 1 2 2 -1 #SUP: 5437
5 5 5 6 1 2 -1 #SUP: 5657
5 5 5 6 1 2 1 -1 #SUP: 5522
5 5 5 6 1 2 1 1 -1 #SUP: 5352
5 5 5 6 1 2 1 2 -1 #SUP: 5312
5 5 5 6 1 2 2 -1 #SUP: 5461
5 5 5 6 1 7 -1 #SUP: 5345
5 5 5 6 1 7 1 -1 #SUP: 5340
5 5 5 6 2 -1 #SUP: 5680
5 5 5 6 2 1 -1 #SUP: 5574
5 5 5 6 2 1 1 -1 #SUP: 5435
5 5 5 6 2 1 2 -1 #SUP: 5365
5 5 5 6 2 2 -1 #SUP: 5505
5 5 5 6 5 -1 #SUP: 5632
5 5 5 6 5 1 -1 #SUP: 5628
5 5 5 6 5 1 1 -1 #SUP: 5613
5 5 5 6 5 1 1 1 -1 #SUP: 5602
5 5 5 6 5 1 1 1 1 -1 #SUP: 5588
5 5 5 6 5 1 1 1 1 1 -1 #SUP: 5546
5 5 5 6 5 1 1 1 1 1 1 -1 #SUP: 5466
5 5 5 6 5 1 1 1 1 1 1 1 -1 #SUP: 5332
5 5 5 6 5 1 1 1 1 1 2 -1 #SUP: 5370
5 5 5 6 5 1 1 1 1 2 -1 #SUP: 5419
5 5 5 6 5 1 1 1 2 -1 #SUP: 5444
5 5 5 6 5 1 1 2 -1 #SUP: 5462
5 5 5 6 5 1 1 2 1 -1 #SUP: 5301
5 5 5 6 5 1 2 -1 #SUP: 5487
5 5 5 6 5 1 2 1 -1 #SUP: 5337
5 5 5 6 5 2 -1 #SUP: 5563
5 5 5 6 5 2 1 -1 #SUP: 5466
5 5 5 6 5 2 1 1 -1 #SUP: 5325
5 5 5 6 5 2 2 -1 #SUP: 5408
5 5 5 6 5 5 -1 #SUP: 5565
5 5 5 6 5 5 1 -1 #SUP: 5551
5 5 5 6 5 5 1 1 -1 #SUP: 5527
5 5 5 6 5 5 1 1 1 -1 #SUP: 5505
5 5 5 6 5 5 1 1 1 1 -1 #SUP: 5477
5 5 5 6 5 5 1 1 1 1 1 -1 #SUP: 5433
5 5 5 6 5 5 1 1 1 1 1 1 -1 #SUP: 5357
5 5 5 6 5 5 1 1 1 2 -1 #SUP: 5334
5 5 5 6 5 5 1 1 2 -1 #SUP: 5365
5 5 5 6 5 5 1 2 -1 #SUP: 5404
5 5 5 6 5 5 2 -1 #SUP: 5494
5 5 5 6 5 5 2 1 -1 #SUP: 5386
5 5 5 6 5 5 2 2 -1 #SUP: 5325
5 5 5 6 5 5 5 -1 #SUP: 5425
5 5 5 6 5 5 5 1 -1 #SUP: 5412
5 5 5 6 5 5 5 1 1 -1 #SUP: 5380
5 5 5 6 5 5 5 1 1 1 -1 #SUP: 5334
5 5 5 6 5 5 5 2 -1 #SUP: 5354
5 5 5 6 5 5 7 -1 #SUP: 5324
5 5 5 6 5 5 7 1 -1 #SUP: 5322
5 5 5 6 5 5 7 1 1 -1 #SUP: 5315
5 5 5 6 5 6 -1 #SUP: 5334
5 5 5 6 5 6 1 -1 #SUP: 5329
5 5 5 6 5 6 1 1 -1 #SUP: 5307
5 5 5 6 5 7 -1 #SUP: 5458
5 5 5 6 5 7 1 -1 #SUP: 5457
5 5 5 6 5 7 1 1 -1 #SUP: 5452
5 5 5 6 5 7 1 1 1 -1 #SUP: 5431
5 5 5 6 5 7 1 1 1 1 -1 #SUP: 5403
5 5 5 6 5 7 1 1 1 1 1 -1 #SUP: 5342
5 5 5 6 5 7 1 1 1 2 -1 #SUP: 5333
5 5 5 6 5 7 1 1 2 -1 #SUP: 5357
5 5 5 6 5 7 1 2 -1 #SUP: 5367
5 5 5 6 5 7 2 -1 #SUP: 5374
5 5 5 6 5 7 7 -1 #SUP: 5359
5 5 5 6 5 7 7 1 -1 #SUP: 5357
5 5 5 6 5 7 7 1 1 -1 #SUP: 5350
5 5 5 6 5 7 7 1 1 1 -1 #SUP: 5310
5 5 5 6 6 -1 #SUP: 5526
5 5 5 6 6 1 -1 #SUP: 5525
5 5 5 6 6 1 1 -1 #SUP: 5516
5 5 5 6 6 1 1 1 -1 #SUP: 5513
5 5 5 6 6 1 1 1 1 -1 #SUP: 5498
5 5 5 6 6 1 1 1 1 1 -1 #SUP: 5454
5 5 5 6 6 1 1 1 1 1 1 -1 #SUP: 5367
5 5 5 6 6 1 1 1 1 2 -1 #SUP: 5359
5 5 5 6 6 1 1 1 2 -1 #SUP: 5391
5 5 5 6 6 1 1 2 -1 #SUP: 5403
5 5 5 6 6 1 2 -1 #SUP: 5414
5 5 5 6 6 2 -1 #SUP: 5450
5 5 5 6 6 2 1 -1 #SUP: 5336
5 5 5 6 6 7 -1 #SUP: 5422
5 5 5 6 6 7 1 -1 #SUP: 5421
5 5 5 6 6 7 1 1 -1 #SUP: 5416
5 5 5 6 6 7 1 1 1 -1 #SUP: 5398
5 5 5 6 6 7 1 1 1 1 -1 #SUP: 5367
5 5 5 6 6 7 1 1 1 2 -1 #SUP: 5300
5 5 5 6 6 7 1 1 2 -1 #SUP: 5327
5 5 5 6 6 7 1 2 -1 #SUP: 5338
5 5 5 6 6 7 2 -1 #SUP: 5341
5 5 5 6 6 7 7 -1 #SUP: 5312
5 5 5 6 6 7 7 1 -1 #SUP: 5310
5 5 5 6 7 -1 #SUP: 5713
5 5 5 6 7 1 -1 #SUP: 5713
5 5 5 6 7 1 1 -1 #SUP: 5712
5 5 5 6 7 1 1 1 -1 #SUP: 5697
5 5 5 6 7 1 1 1 1 -1 #SUP: 5667
5 5 5 6 7 1 1 1 1 1 -1 #SUP: 5600
5 5 5 6 7 1 1 1 1 1 1 -1 #SUP: 5474
5 5 5 6 7 1 1 1 1 1 1 1 -1 #SUP: 5310
5 5 5 6 7 1 1 1 1 1 2 -1 #SUP: 5435
5 5 5 6 7 1 1 1 1 2 -1 #SUP: 5521
5 5 5 6 7 1 1 1 2 -1 #SUP: 5575
5 5 5 6 7 1 1 1 2 1 -1 #SUP: 5345
5 5 5 6 7 1 1 2 -1 #SUP: 5595
5 5 5 6 7 1 1 2 1 -1 #SUP: 5412
5 5 5 6 7 1 1 2 2 -1 #SUP: 5340
5 5 5 6 7 1 2 -1 #SUP: 5602
5 5 5 6 7 1 2 1 -1 #SUP: 5441
5 5 5 6 7 1 2 2 -1 #SUP: 5361
5 5 5 6 7 2 -1 #SUP: 5603
5 5 5 6 7 2 1 -1 #SUP: 5450
5 5 5 6 7 2 2 -1 #SUP: 5368
5 5 5 6 7 7 -1 #SUP: 5633
5 5 5 6 7 7 1 -1 #SUP: 5632
5 5 5 6 7 7 1 1 -1 #SUP: 5629
5 5 5 6 7 7 1 1 1 -1 #SUP: 5597
5 5 5 6 7 7 1 1 1 1 -1 #SUP: 5532
5 5 5 6 7 7 1 1 1 1 1 -1 #SUP: 5419
5 5 5 6 7 7 1 1 1 1 2 -1 #SUP: 5358
5 5 5 6 7 7 1 1 1 2 -1 #SUP: 5461
5 5 5 6 7 7 1 1 2 -1 #SUP: 5503
5 5 5 6 7 7 1 2 -1 #SUP: 5517
5 5 5 6 7 7 1 2 1 -1 #SUP: 5340
5 5 5 6 7 7 2 -1 #SUP: 5520
5 5 5 6 7 7 2 1 -1 #SUP: 5352
5 5 5 6 7 7 7 -1 #SUP: 5463
5 5 5 6 7 7 7 1 -1 #SUP: 5461
5 5 5 6 7 7 7 1 1 -1 #SUP: 5445
5 5 5 6 7 7 7 1 1 1 -1 #SUP: 5385
5 5 5 6 7 7 7 1 1 2 -1 #SUP: 5311
5 5 5 6 7 7 7 1 2 -1 #SUP: 5345
5 5 5 6 7 7 7 2 -1 #SUP: 5350
5 5 5 7 -1 #SUP: 5855
5 5 5 7 1 -1 #SUP: 5855
5 5 5 7 1 1 -1 #SUP: 5854
5 5 5 7 1 1 1 -1 #SUP: 5841
5 5 5 7 1 1 1 1 -1 #SUP: 5814
5 5 5 7 1 1 1 1 1 -1 #SUP: 5752
5 5 5 7 1 1 1 1 1 1 -1 #SUP: 5641
5 5 5 7 1 1 1 1 1 1 1 -1 #SUP: 5479
5 5 5 7 1 1 1 1 1 1 2 -1 #SUP: 5421
5 5 5 7 1 1 1 1 1 2 -1 #SUP: 5561
5 5 5 7 1 1 1 1 2 -1 #SUP: 5640
5 5 5 7 1 1 1 1 2 1 -1 #SUP: 5342
5 5 5 7 1 1 1 2 -1 #SUP: 5689
5 5 5 7 1 1 1 2 1 -1 #SUP: 5454
5 5 5 7 1 1 1 2 2 -1 #SUP: 5378
5 5 5 7 1 1 2 -1 #SUP: 5706
5 5 5 7 1 1 2 1 -1 #SUP: 5517
5 5 5 7 1 1 2 2 -1 #SUP: 5430
5 5 5 7 1 2 -1 #SUP: 5715
5 5 5 7 1 2 1 -1 #SUP: 5548
5 5 5 7 1 2 1 1 -1 #SUP: 5318
5 5 5 7 1 2 2 -1 #SUP: 5450
5 5 5 7 2 -1 #SUP: 5718
5 5 5 7 2 1 -1 #SUP: 5560
5 5 5 7 2 1 1 -1 #SUP: 5351
5 5 5 7 2 2 -1 #SUP: 5459
5 5 5 7 7 -1 #SUP: 5796
5 5 5 7 7 1 -1 #SUP: 5796
5 5 5 7 7 1 1 -1 #SUP: 5794
5 5 5 7 7 1 1 1 -1 #SUP: 5764
5 5 5 7 7 1 1 1 1 -1 #SUP: 5706
5 5 5 7 7 1 1 1 1 1 -1 #SUP: 5599
5 5 5 7 7 1 1 1 1 1 1 -1 #SUP: 5424
5 5 5 7 7 1 1 1 1 1 2 -1 #SUP: 5362
5 5 5 7 7 1 1 1 1 2 -1 #SUP: 5504
5 5 5 7 7 1 1 1 2 -1 #SUP: 5597
5 5 5 7 7 1 1 1 2 1 -1 #SUP: 5315
5 5 5 7 7 1 1 2 -1 #SUP: 5637
5 5 5 7 7 1 1 2 1 -1 #SUP: 5415
5 5 5 7 7 1 1 2 2 -1 #SUP: 5342
5 5 5 7 7 1 2 -1 #SUP: 5649
5 5 5 7 7 1 2 1 -1 #SUP: 5465
5 5 5 7 7 1 2 2 -1 #SUP: 5374
5 5 5 7 7 2 -1 #SUP: 5652
5 5 5 7 7 2 1 -1 #SUP: 5478
5 5 5 7 7 2 2 -1 #SUP: 5383
5 5 5 7 7 7 -1 #SUP: 5654
5 5 5 7 7 7 1 -1 #SUP: 5654
5 5 5 7 7 7 1 1 -1 #SUP: 5640
5 5 5 7 7 7 1 1 1 -1 #SUP: 5589
5 5 5 7 7 7 1 1 1 1 -1 #SUP: 5493
5 5 5 7 7 7 1 1 1 1 1 -1 #SUP: 5332
5 5 5 7 7 7 1 1 1 2 -1 #SUP: 5404
5 5 5 7 7 7 1 1 2 -1 #SUP: 5473
5 5 5 7 7 7 1 2 -1 #SUP: 5503
5 5 5 7 7 7 2 -1 #SUP: 5506
5 5 5 7 7 7 2 1 -1 #SUP: 5311
5 5 5 7 7 7 7 -1 #SUP: 5390
5 5 5 7 7 7 7 1 -1 #SUP: 5389
5 5 5 7 7 7 7 1 1 -1 #SUP: 5364
5 5 6 -1 #SUP: 5792
5 5 6 1 -1 #SUP: 5792
5 5 6 1 1 -1 #SUP: 5792
5 5 6 1 1 1 -1 #SUP: 5791
5 5 6 1 1 1 1 -1 #SUP: 5777
5 5 6 1 1 1 1 1 -1 #SUP: 5733
5 5 6 1 1 1 1 1 1 -1 #SUP: 5660
5 5 6 1 1 1 1 1 1 1 -1 #SUP: 5551
5 5 6 1 1 1 1 1 1 1 1 -1 #SUP: 5343
5 5 6 1 1 1 1 1 1 1 2 -1 #SUP: 5324
5 5 6 1 1 1 1 1 1 2 -1 #SUP: 5485
5 5 6 1 1 1 1 1 2 -1 #SUP: 5588
5 5 6 1 1 1 1 1 2 1 -1 #SUP: 5313
5 5 6 1 1 1 1 2 -1 #SUP: 5649
5 5 6 1 1 1 1 2 1 -1 #SUP: 5419
5 5 6 1 1 1 1 2 2 -1 #SUP: 5390
5 5 6 1 1 1 2 -1 #SUP: 5671
5 5 6 1 1 1 2 1 -1 #SUP: 5496
5 5 6 1 1 1 2 2 -1 #SUP: 5448
5 5 6 1 1 2 -1 #SUP: 5677
5 5 6 1 1 2 1 -1 #SUP: 5542
5 5 6 1 1 2 1 1 -1 #SUP: 5355
5 5 6 1 1 2 1 2 -1 #SUP: 5322
5 5 6 1 1 2 2 -1 #SUP: 5477
5 5 6 1 2 -1 #SUP: 5681
5 5 6 1 2 1 -1 #SUP: 5564
5 5 6 1 2 1 1 -1 #SUP: 5420
5 5 6 1 2 1 2 -1 #SUP: 5361
5 5 6 1 2 2 -1 #SUP: 5499
5 5 6 1 7 -1 #SUP: 5399
5 5 6 1 7 1 -1 #SUP: 5395
5 5 6 1 7 1 1 -1 #SUP: 5351
5 5 6 2 -1 #SUP: 5705
5 5 6 2 1 -1 #SUP: 5617
5 5 6 2 1 1 -1 #SUP: 5512
5 5 6 2 1 1 1 -1 #SUP: 5366
5 5 6 2 1 2 -1 #SUP: 5424
5 5 6 2 2 -1 #SUP: 5550
5 5 6 2 2 1 -1 #SUP: 5367
5 5 6 2 2 2 -1 #SUP: 5346
5 5 6 5 -1 #SUP: 5672
5 5 6 5 1 -1 #SUP: 5671
5 5 6 5 1 1 -1 #SUP: 5663
5 5 6 5 1 1 1 -1 #SUP: 5658
5 5 6 5 1 1 1 1 -1 #SUP: 5644
5 5 6 5 1 1 1 1 1 -1 #SUP: 5598
5 5 6 5 1 1 1 1 1 1 -1 #SUP: 5514
5 5 6 5 1 1 1 1 1 1 1 -1 #SUP: 5392
5 5 6 5 1 1 1 1 1 1 2 -1 #SUP: 5321
5 5 6 5 1 1 1 1 1 2 -1 #SUP: 5427
5 5 6 5 1 1 1 1 2 -1 #SUP: 5479
5 5 6 5 1 1 1 2 -1 #SUP: 5505
5 5 6 5 1 1 1 2 1 -1 #SUP: 5328
5 5 6 5 1 1 2 -1 #SUP: 5516
5 5 6 5 1 1 2 1 -1 #SUP: 5378
5 5 6 5 1 1 2 2 -1 #SUP: 5315
5 5 6 5 1 2 -1 #SUP: 5534
5 5 6 5 1 2 1 -1 #SUP: 5411
5 5 6 5 1 2 2 -1 #SUP: 5347
5 5 6 5 2 -1 #SUP: 5607
5 5 6 5 2 1 -1 #SUP: 5533
5 5 6 5 2 1 1 -1 #SUP: 5422
5 5 6 5 2 1 2 -1 #SUP: 5333
5 5 6 5 2 2 -1 #SUP: 5470
5 5 6 5 5 -1 #SUP: 5636
5 5 6 5 5 1 -1 #SUP: 5631
5 5 6 5 5 1 1 -1 #SUP: 5614
5 5 6 5 5 1 1 1 -1 #SUP: 5602
5 5 6 5 5 1 1 1 1 -1 #SUP: 5582
5 5 6 5 5 1 1 1 1 1 -1 #SUP: 5536
5 5 6 5 5 1 1 1 1 1 1 -1 #SUP: 5453
5 5 6 5 5 1 1 1 1 1 1 1 -1 #SUP: 5312
5 5 6 5 5 1 1 1 1 1 2 -1 #SUP: 5354
5 5 6 5 5 1 1 1 1 2 -1 #SUP: 5409
5 5 6 5 5 1 1 1 2 -1 #SUP: 5438
5 5 6 5 5 1 1 2 -1 #SUP: 5457
5 5 6 5 5 1 1 2 1 -1 #SUP: 5304
5 5 6 5 5 1 2 -1 #SUP: 5489
5 5 6 5 5 1 2 1 -1 #SUP: 5346
5 5 6 5 5 2 -1 #SUP: 5568
5 5 6 5 5 2 1 -1 #SUP: 5479
5 5 6 5 5 2 1 1 -1 #SUP: 5343
5 5 6 5 5 2 2 -1 #SUP: 5412
5 5 6 5 5 5 -1 #SUP: 5532
5 5 6 5 5 5 1 -1 #SUP: 5521
5 5 6 5 5 5 1 1 -1 #SUP: 5506
5 5 6 5 5 5 1 1 1 -1 #SUP: 5487
5 5 6 5 5 5 1 1 1 1 -1 #SUP: 5458
5 5 6 5 5 5 1 1 1 1 1 -1 #SUP: 5416
5 5 6 5 5 5 1 1 1 1 1 1 -1 #SUP: 5332
5 5 6 5 5 5 1 1 1 2 -1 #SUP: 5321
5 5 6 5 5 5 1 1 2 -1 #SUP: 5350
5 5 6 5 5 5 1 2 -1 #SUP: 5384
5 5 6 5 5 5 2 -1 #SUP: 5463
5 5 6 5 5 5 2 1 -1 #SUP: 5359
5 5 6 5 5 5 5 -1 #SUP: 5411
5 5 6 5 5 5 5 1 -1 #SUP: 5400
5 5 6 5 5 5 5 1 1 -1 #SUP: 5370
5 5 6 5 5 5 5 1 1 1 -1 #SUP: 5327
5 5 6 5 5 5 5 2 -1 #SUP: 5338
5 5 6 5 5 5 7 -1 #SUP: 5308
5 5 6 5 5 5 7 1 -1 #SUP: 5306
5 5 6 5 5 5 7 1 1 -1 #SUP: 5302
5 5 6 5 5 6 -1 #SUP: 5325
5 5 6 5 5 6 1 -1 #SUP: 5322
5 5 6 5 5 6 1 1 -1 #SUP: 5304
5 5 6 5 5 7 -1 #SUP: 5440
5 5 6 5 5 7 1 -1 #SUP: 5438
5 5 6 5 5 7 1 1 -1 #SUP: 5434
5 5 6 5 5 7 1 1 1 -1 #SUP: 5416
5 5 6 5 5 7 1 1 1 1 -1 #SUP: 5386
5 5 6 5 5 7 1 1 1 1 1 -1 #SUP: 5327
5 5 6 5 5 7 1 1 1 2 -1 #SUP: 5320
5 5 6 5 5 7 1 1 2 -1 #SUP: 5341
5 5 6 5 5 7 1 2 -1 #SUP: 5350
5 5 6 5 5 7 2 -1 #SUP: 5357
5 5 6 5 5 7 7 -1 #SUP: 5352
5 5 6 5 5 7 7 1 -1 #SUP: 5350
5 5 6 5 5 7 7 1 1 -1 #SUP: 5342
5 5 6 5 5 7 7 1 1 1 -1 #SUP: 5305
5 5 6 5 6 -1 #SUP: 5415
5 5 6 5 6 1 -1 #SUP: 5415
5 5 6 5 6 1 1 -1 #SUP: 5402
5 5 6 5 6 1 1 1 -1 #SUP: 5396
5 5 6 5 6 1 1 1 1 -1 #SUP: 5380
5 5 6 5 6 1 1 1 1 1 -1 #SUP: 5338
5 5 6 5 6 1 2 -1 #SUP: 5304
5 5 6 5 6 2 -1 #SUP: 5351
5 5 6 5 7 -1 #SUP: 5522
5 5 6 5 7 1 -1 #SUP: 5522
5 5 6 5 7 1 1 -1 #SUP: 5518
5 5 6 5 7 1 1 1 -1 #SUP: 5503
5 5 6 5 7 1 1 1 1 -1 #SUP: 5475
5 5 6 5 7 1 1 1 1 1 -1 #SUP: 5412
5 5 6 5 7 1 1 1 1 2 -1 #SUP: 5357
5 5 6 5 7 1 1 1 2 -1 #SUP: 5404
5 5 6 5 7 1 1 2 -1 #SUP: 5422
5 5 6 5 7 1 2 -1 #SUP: 5430
5 5 6 5 7 2 -1 #SUP: 5436
5 5 6 5 7 2 1 -1 #SUP: 5299
5 5 6 5 7 7 -1 #SUP: 5441
5 5 6 5 7 7 1 -1 #SUP: 5440
5 5 6 5 7 7 1 1 -1 #SUP: 5436
5 5 6 5 7 7 1 1 1 -1 #SUP: 5400
5 5 6 5 7 7 1 1 1 1 -1 #SUP: 5338
5 5 6 5 7 7 1 1 2 -1 #SUP: 5335
5 5 6 5 7 7 1 2 -1 #SUP: 5350
5 5 6 5 7 7 2 -1 #SUP: 5352
5 5 6 6 -1 #SUP: 5568
5 5 6 6 1 -1 #SUP: 5568
5 5 6 6 1 1 -1 #SUP: 5562
5 5 6 6 1 1 1 -1 #SUP: 5559
5 5 6 6 1 1 1 1 -1 #SUP: 5543
5 5 6 6 1 1 1 1 1 -1 #SUP: 5502
5 5 6 6 1 1 1 1 1 1 -1 #SUP: 5419
5 5 6 6 1 1 1 1 1 1 1 -1 #SUP: 5301
5 5 6 6 1 1 1 1 1 2 -1 #SUP: 5342
5 5 6 6 1 1 1 1 2 -1 #SUP: 5408
5 5 6 6 1 1 1 2 -1 #SUP: 5438
5 5 6 6 1 1 2 -1 #SUP: 5449
5 5 6 6 1 1 2 1 -1 #SUP: 5309
5 5 6 6 1 2 -1 #SUP: 5456
5 5 6 6 1 2 1 -1 #SUP: 5330
5 5 6 6 2 -1 #SUP: 5490
5 5 6 6 2 1 -1 #SUP: 5385
5 5 6 6 5 -1 #SUP: 5338
5 5 6 6 5 1 -1 #SUP: 5337
5 5 6 6 5 1 1 -1 #SUP: 5328
5 5 6 6 5 1 1 1 -1 #SUP: 5324
5 5 6 6 5 1 1 1 1 -1 #SUP: 5306
5 5 6 6 7 -1 #SUP: 5478
5 5 6 6 7 1 -1 #SUP: 5478
5 5 6 6 7 1 1 -1 #SUP: 5474
5 5 6 6 7 1 1 1 -1 #SUP: 5458
5 5 6 6 7 1 1 1 1 -1 #SUP: 5429
5 5 6 6 7 1 1 1 1 1 -1 #SUP: 5361
5 5 6 6 7 1 1 1 1 2 -1 #SUP: 5305
5 5 6 6 7 1 1 1 2 -1 #SUP: 5362
5 5 6 6 7 1 1 2 -1 #SUP: 5384
5 5 6 6 7 1 2 -1 #SUP: 5394
5 5 6 6 7 2 -1 #SUP: 5396
5 5 6 6 7 7 -1 #SUP: 5379
5 5 6 6 7 7 1 -1 #SUP: 5378
5 5 6 6 7 7 1 1 -1 #SUP: 5369
5 5 6 6 7 7 1 1 1 -1 #SUP: 5336
5 5 6 7 -1 #SUP: 5738
5 5 6 7 1 -1 #SUP: 5738
5 5 6 7 1 1 -1 #SUP: 5737
5 5 6 7 1 1 1 -1 #SUP: 5723
5 5 6 7 1 1 1 1 -1 #SUP: 5694
5 5 6 7 1 1 1 1 1 -1 #SUP: 5628
5 5 6 7 1 1 1 1 1 1 -1 #SUP: 5505
5 5 6 7 1 1 1 1 1 1 1 -1 #SUP: 5337
5 5 6 7 1 1 1 1 1 1 2 -1 #SUP: 5300
5 5 6 7 1 1 1 1 1 2 -1 #SUP: 5461
5 5 6 7 1 1 1 1 2 -1 #SUP: 5550
5 5 6 7 1 1 1 2 -1 #SUP: 5601
5 5 6 7 1 1 1 2 1 -1 #SUP: 5371
5 5 6 7 1 1 1 2 2 -1 #SUP: 5309
5 5 6 7 1 1 2 -1 #SUP: 5619
5 5 6 7 1 1 2 1 -1 #SUP: 5438
5 5 6 7 1 1 2 2 -1 #SUP: 5364
5 5 6 7 1 2 -1 #SUP: 5626
5 5 6 7 1 2 1 -1 #SUP: 5466
5 5 6 7 1 2 2 -1 #SUP: 5384
5 5 6 7 2 -1 #SUP: 5627
5 5 6 7 2 1 -1 #SUP: 5476
5 5 6 7 2 2 -1 #SUP: 5391
5 5 6 7 7 -1 #SUP: 5670
5 5 6 7 7 1 -1 #SUP: 5670
5 5 6 7 7 1 1 -1 #SUP: 5668
5 5 6 7 7 1 1 1 -1 #SUP: 5638
5 5 6 7 7 1 1 1 1 -1 #SUP: 5578
5 5 6 7 7 1 1 1 1 1 -1 #SUP: 5469
5 5 6 7 7 1 1 1 1 2 -1 #SUP: 5406
5 5 6 7 7 1 1 1 2 -1 #SUP: 5502
5 5 6 7 7 1 1 2 -1 #SUP: 5540
5 5 6 7 7 1 1 2 1 -1 #SUP: 5328
5 5 6 7 7 1 2 -1 #SUP: 5554
5 5 6 7 7 1 2 1 -1 #SUP: 5376
5 5 6 7 7 1 2 2 -1 #SUP: 5303
5 5 6 7 7 2 -1 #SUP: 5556
5 5 6 7 7 2 1 -1 #SUP: 5388
5 5 6 7 7 2 2 -1 #SUP: 5313
5 5 6 7 7 7 -1 #SUP: 5506
5 5 6 7 7 7 1 -1 #SUP: 5505
5 5 6 7 7 7 1 1 -1 #SUP: 5492
5 5 6 7 7 7 1 1 1 -1 #SUP: 5436
5 5 6 7 7 7 1 1 1 1 -1 #SUP: 5339
5 5 6 7 7 7 1 1 2 -1 #SUP: 5358
5 5 6 7 7 7 1 2 -1 #SUP: 5388
5 5 6 7 7 7 2 -1 #SUP: 5392
5 5 7 -1 #SUP: 5863
5 5 7 1 -1 #SUP: 5863
5 5 7 1 1 -1 #SUP: 5862
5 5 7 1 1 1 -1 #SUP: 5850
5 5 7 1 1 1 1 -1 #SUP: 5823
5 5 7 1 1 1 1 1 -1 #SUP: 5764
5 5 7 1 1 1 1 1 1 -1 #SUP: 5648
5 5 7 1 1 1 1 1 1 1 -1 #SUP: 5488
5 5 7 1 1 1 1 1 1 2 -1 #SUP: 5429
5 5 7 1 1 1 1 1 2 -1 #SUP: 5572
5 5 7 1 1 1 1 2 -1 #SUP: 5649
5 5 7 1 1 1 1 2 1 -1 #SUP: 5355
5 5 7 1 1 1 1 2 2 -1 #SUP: 5305
5 5 7 1 1 1 2 -1 #SUP: 5698
5 5 7 1 1 1 2 1 -1 #SUP: 5467
5 5 7 1 1 1 2 2 -1 #SUP: 5389
5 5 7 1 1 2 -1 #SUP: 5714
5 5 7 1 1 2 1 -1 #SUP: 5531
5 5 7 1 1 2 2 -1 #SUP: 5439
5 5 7 1 2 -1 #SUP: 5723
5 5 7 1 2 1 -1 #SUP: 5562
5 5 7 1 2 1 1 -1 #SUP: 5336
5 5 7 1 2 2 -1 #SUP: 5459
5 5 7 2 -1 #SUP: 5726
5 5 7 2 1 -1 #SUP: 5575
5 5 7 2 1 1 -1 #SUP: 5373
5 5 7 2 2 -1 #SUP: 5470
5 5 7 7 -1 #SUP: 5806
5 5 7 7 1 -1 #SUP: 5806
5 5 7 7 1 1 -1 #SUP: 5804
5 5 7 7 1 1 1 -1 #SUP: 5776
5 5 7 7 1 1 1 1 -1 #SUP: 5721
5 5 7 7 1 1 1 1 1 -1 #SUP: 5619
5 5 7 7 1 1 1 1 1 1 -1 #SUP: 5444
5 5 7 7 1 1 1 1 1 2 -1 #SUP: 5383
5 5 7 7 1 1 1 1 2 -1 #SUP: 5522
5 5 7 7 1 1 1 2 -1 #SUP: 5609
5 5 7 7 1 1 1 2 1 -1 #SUP: 5330
5 5 7 7 1 1 2 -1 #SUP: 5646
5 5 7 7 1 1 2 1 -1 #SUP: 5428
5 5 7 7 1 1 2 2 -1 #SUP: 5351
5 5 7 7 1 2 -1 #SUP: 5659
5 5 7 7 1 2 1 -1 #SUP: 5477
5 5 7 7 1 2 2 -1 #SUP: 5384
5 5 7 7 2 -1 #SUP: 5662
5 5 7 7 2 1 -1 #SUP: 5491
5 5 7 7 2 2 -1 #SUP: 5393
5 5 7 7 7 -1 #SUP: 5672
5 5 7 7 7 1 -1 #SUP: 5672
5 5 7 7 7 1 1 -1 #SUP: 5660
5 5 7 7 7 1 1 1 -1 #SUP: 5610
5 5 7 7 7 1 1 1 1 -1 #SUP: 5519
5 5 7 7 7 1 1 1 1 1 -1 #SUP: 5359
5 5 7 7 7 1 1 1 2 -1 #SUP: 5426
5 5 7 7 7 1 1 2 -1 #SUP: 5493
5 5 7 7 7 1 2 -1 #SUP: 5521
5 5 7 7 7 1 2 1 -1 #SUP: 5312
5 5 7 7 7 2 -1 #SUP: 5524
5 5 7 7 7 2 1 -1 #SUP: 5330
5 5 7 7 7 7 -1 #SUP: 5408
5 5 7 7 7 7 1 -1 #SUP: 5407
5 5 7 7 7 7 1 1 -1 #SUP: 5383
5 5 7 7 7 7 1 1 1 -1 #SUP: 5317
5 6 -1 #SUP: 5805
5 6 1 -1 #SUP: 5805
5 6 1 1 -1 #SUP: 5805
5 6 1 1 1 -1 #SUP: 5804
5 6 1 1 1 1 -1 #SUP: 5790
5 6 1 1 1 1 1 -1 #SUP: 5748
5 6 1 1 1 1 1 1 -1 #SUP: 5677
5 6 1 1 1 1 1 1 1 -1 #SUP: 5573
5 6 1 1 1 1 1 1 1 1 -1 #SUP: 5377
5 6 1 1 1 1 1 1 1 2 -1 #SUP: 5347
5 6 1 1 1 1 1 1 2 -1 #SUP: 5504
5 6 1 1 1 1 1 2 -1 #SUP: 5606
5 6 1 1 1 1 1 2 1 -1 #SUP: 5339
5 6 1 1 1 1 1 2 2 -1 #SUP: 5315
5 6 1 1 1 1 2 -1 #SUP: 5666
5 6 1 1 1 1 2 1 -1 #SUP: 5443
5 6 1 1 1 1 2 2 -1 #SUP: 5406
5 6 1 1 1 2 -1 #SUP: 5689
5 6 1 1 1 2 1 -1 #SUP: 5523
5 6 1 1 1 2 2 -1 #SUP: 5468
5 6 1 1 2 -1 #SUP: 5696
5 6 1 1 2 1 -1 #SUP: 5570
5 6 1 1 2 1 1 -1 #SUP: 5395
5 6 1 1 2 1 2 -1 #SUP: 5345
5 6 1 1 2 2 -1 #SUP: 5497
5 6 1 1 7 -1 #SUP: 5302
5 6 1 2 -1 #SUP: 5701
5 6 1 2 1 -1 #SUP: 5593
5 6 1 2 1 1 -1 #SUP: 5462
5 6 1 2 1 2 -1 #SUP: 5387
5 6 1 2 2 -1 #SUP: 5523
5 6 1 2 2 1 -1 #SUP: 5308
5 6 1 7 -1 #SUP: 5441
5 6 1 7 1 -1 #SUP: 5437
5 6 1 7 1 1 -1 #SUP: 5393
5 6 1 7 1 2 -1 #SUP: 5310
5 6 1 7 2 -1 #SUP: 5321
5 6 2 -1 #SUP: 5728
5 6 2 1 -1 #SUP: 5655
5 6 2 1 1 -1 #SUP: 5568
5 6 2 1 1 1 -1 #SUP: 5435
5 6 2 1 1 2 -1 #SUP: 5333
5 6 2 1 2 -1 #SUP: 5472
5 6 2 2 -1 #SUP: 5594
5 6 2 2 1 -1 #SUP: 5439
5 6 2 2 2 -1 #SUP: 5405
5 6 4 -1 #SUP: 5324
5 6 5 -1 #SUP: 5702
5 6 5 1 -1 #SUP: 5701
5 6 5 1 1 -1 #SUP: 5698
5 6 5 1 1 1 -1 #SUP: 5696
5 6 5 1 1 1 1 -1 #SUP: 5682
5 6 5 1 1 1 1 1 -1 #SUP: 5636
5 6 5 1 1 1 1 1 1 -1 #SUP: 5555
5 6 5 1 1 1 1 1 1 1 -1 #SUP: 5439
5 6 5 1 1 1 1 1 1 2 -1 #SUP: 5366
5 6 5 1 1 1 1 1 2 -1 #SUP: 5471
5 6 5 1 1 1 1 2 -1 #SUP: 5524
5 6 5 1 1 1 2 -1 #SUP: 5550
5 6 5 1 1 1 2 1 -1 #SUP: 5379
5 6 5 1 1 1 2 2 -1 #SUP: 5324
5 6 5 1 1 2 -1 #SUP: 5560
5 6 5 1 1 2 1 -1 #SUP: 5430
5 6 5 1 1 2 2 -1 #SUP: 5357
5 6 5 1 2 -1 #SUP: 5575
5 6 5 1 2 1 -1 #SUP: 5462
5 6 5 1 2 1 1 -1 #SUP: 5327
5 6 5 1 2 2 -1 #SUP: 5389
5 6 5 1 7 -1 #SUP: 5338
5 6 5 1 7 1 -1 #SUP: 5334
5 6 5 2 -1 #SUP: 5645
5 6 5 2 1 -1 #SUP: 5582
5 6 5 2 1 1 -1 #SUP: 5495
5 6 5 2 1 1 1 -1 #SUP: 5365
5 6 5 2 1 2 -1 #SUP: 5393
5 6 5 2 2 -1 #SUP: 5523
5 6 5 2 2 1 -1 #SUP: 5363
5 6 5 2 2 2 -1 #SUP: 5309
5 6 5 5 -1 #SUP: 5676
5 6 5 5 1 -1 #SUP: 5674
5 6 5 5 1 1 -1 #SUP: 5669
5 6 5 5 1 1 1 -1 #SUP: 5665
5 6 5 5 1 1 1 1 -1 #SUP: 5647
5 6 5 5 1 1 1 1 1 -1 #SUP: 5598
5 6 5 5 1 1 1 1 1 1 -1 #SUP: 5514
5 6 5 5 1 1 1 1 1 1 1 -1 #SUP: 5378
5 6 5 5 1 1 1 1 1 1 2 -1 #SUP: 5313
5 6 5 5 1 1 1 1 1 2 -1 #SUP: 5421
5 6 5 5 1 1 1 1 2 -1 #SUP: 5481
5 6 5 5 1 1 1 2 -1 #SUP: 5509
5 6 5 5 1 1 1 2 1 -1 #SUP: 5325
5 6 5 5 1 1 2 -1 #SUP: 5520
5 6 5 5 1 1 2 1 -1 #SUP: 5376
5 6 5 5 1 2 -1 #SUP: 5542
5 6 5 5 1 2 1 -1 #SUP: 5414
5 6 5 5 1 2 2 -1 #SUP: 5330
5 6 5 5 2 -1 #SUP: 5613
5 6 5 5 2 1 -1 #SUP: 5538
5 6 5 5 2 1 1 -1 #SUP: 5430
5 6 5 5 2 1 2 -1 #SUP: 5334
5 6 5 5 2 2 -1 #SUP: 5467
5 6 5 5 5 -1 #SUP: 5604
5 6 5 5 5 1 -1 #SUP: 5598
5 6 5 5 5 1 1 -1 #SUP: 5584
5 6 5 5 5 1 1 1 -1 #SUP: 5574
5 6 5 5 5 1 1 1 1 -1 #SUP: 5552
5 6 5 5 5 1 1 1 1 1 -1 #SUP: 5512
5 6 5 5 5 1 1 1 1 1 1 -1 #SUP: 5430
5 6 5 5 5 1 1 1 1 1 2 -1 #SUP: 5337
5 6 5 5 5 1 1 1 1 2 -1 #SUP: 5387
5 6 5 5 5 1 1 1 2 -1 #SUP: 5415
5 6 5 5 5 1 1 2 -1 #SUP: 5433
5 6 5 5 5 1 2 -1 #SUP: 5464
5 6 5 5 5 1 2 1 -1 #SUP: 5324
5 6 5 5 5 2 -1 #SUP: 5537
5 6 5 5 5 2 1 -1 #SUP: 5445
5 6 5 5 5 2 1 1 -1 #SUP: 5306
5 6 5 5 5 2 2 -1 #SUP: 5375
5 6 5 5 5 5 -1 #SUP: 5515
5 6 5 5 5 5 1 -1 #SUP: 5503
5 6 5 5 5 5 1 1 -1 #SUP: 5481
5 6 5 5 5 5 1 1 1 -1 #SUP: 5455
5 6 5 5 5 5 1 1 1 1 -1 #SUP: 5427
5 6 5 5 5 5 1 1 1 1 1 -1 #SUP: 5387
5 6 5 5 5 5 1 1 1 1 1 1 -1 #SUP: 5307
5 6 5 5 5 5 1 1 2 -1 #SUP: 5326
5 6 5 5 5 5 1 2 -1 #SUP: 5363
5 6 5 5 5 5 2 -1 #SUP: 5443
5 6 5 5 5 5 2 1 -1 #SUP: 5336
5 6 5 5 5 5 5 -1 #SUP: 5362
5 6 5 5 5 5 5 1 -1 #SUP: 5350
5 6 5 5 5 5 5 1 1 -1 #SUP: 5311
5 6 5 5 5 7 -1 #SUP: 5416
5 6 5 5 5 7 1 -1 #SUP: 5414
5 6 5 5 5 7 1 1 -1 #SUP: 5410
5 6 5 5 5 7 1 1 1 -1 #SUP: 5392
5 6 5 5 5 7 1 1 1 1 -1 #SUP: 5366
5 6 5 5 5 7 1 1 1 1 1 -1 #SUP: 5311
5 6 5 5 5 7 1 1 1 2 -1 #SUP: 5300
5 6 5 5 5 7 1 1 2 -1 #SUP: 5319
5 6 5 5 5 7 1 2 -1 #SUP: 5328
5 6 5 5 5 7 2 -1 #SUP: 5333
5 6 5 5 5 7 7 -1 #SUP: 5334
5 6 5 5 5 7 7 1 -1 #SUP: 5331
5 6 5 5 5 7 7 1 1 -1 #SUP: 5322
5 6 5 5 6 -1 #SUP: 5400
5 6 5 5 6 1 -1 #SUP: 5399
5 6 5 5 6 1 1 -1 #SUP: 5387
5 6 5 5 6 1 1 1 -1 #SUP: 5382
5 6 5 5 6 1 1 1 1 -1 #SUP: 5366
5 6 5 5 6 1 1 1 1 1 -1 #SUP: 5323
5 6 5 5 6 2 -1 #SUP: 5334
5 6 5 5 7 -1 #SUP: 5510
5 6 5 5 7 1 -1 #SUP: 5510
5 6 5 5 7 1 1 -1 #SUP: 5507
5 6 5 5 7 1 1 1 -1 #SUP: 5492
5 6 5 5 7 1 1 1 1 -1 #SUP: 5463
5 6 5 5 7 1 1 1 1 1 -1 #SUP: 5399
5 6 5 5 7 1 1 1 1 2 -1 #SUP: 5343
5 6 5 5 7 1 1 1 2 -1 #SUP: 5392
5 6 5 5 7 1 1 2 -1 #SUP: 5410
5 6 5 5 7 1 2 -1 #SUP: 5419
5 6 5 5 7 2 -1 #SUP: 5424
5 6 5 5 7 7 -1 #SUP: 5436
5 6 5 5 7 7 1 -1 #SUP: 5435
5 6 5 5 7 7 1 1 -1 #SUP: 5429
5 6 5 5 7 7 1 1 1 -1 #SUP: 5394
5 6 5 5 7 7 1 1 1 1 -1 #SUP: 5334
5 6 5 5 7 7 1 1 2 -1 #SUP: 5326
5 6 5 5 7 7 1 2 -1 #SUP: 5344
5 6 5 5 7 7 2 -1 #SUP: 5346
5 6 5 6 -1 #SUP: 5468
5 6 5 6 1 -1 #SUP: 5468
5 6 5 6 1 1 -1 #SUP: 5462
5 6 5 6 1 1 1 -1 #SUP: 5458
5 6 5 6 1 1 1 1 -1 #SUP: 5446
5 6 5 6 1 1 1 1 1 -1 #SUP: 5402
5 6 5 6 1 1 1 1 1 1 -1 #SUP: 5317
5 6 5 6 1 1 1 1 2 -1 #SUP: 5313
5 6 5 6 1 1 1 2 -1 #SUP: 5339
5 6 5 6 1 1 2 -1 #SUP: 5351
5 6 5 6 1 2 -1 #SUP: 5360
5 6 5 6 2 -1 #SUP: 5401
5 6 5 6 2 1 -1 #SUP: 5312
5 6 5 6 7 -1 #SUP: 5352
5 6 5 6 7 1 -1 #SUP: 5352
5 6 5 6 7 1 1 -1 #SUP: 5345
5 6 5 6 7 1 1 1 -1 #SUP: 5330
5 6 5 6 7 1 1 1 1 -1 #SUP: 5304
5 6 5 7 -1 #SUP: 5566
5 6 5 7 1 -1 #SUP: 5566
5 6 5 7 1 1 -1 #SUP: 5563
5 6 5 7 1 1 1 -1 #SUP: 5551
5 6 5 7 1 1 1 1 -1 #SUP: 5524
5 6 5 7 1 1 1 1 1 -1 #SUP: 5461
5 6 5 7 1 1 1 1 1 1 -1 #SUP: 5345
5 6 5 7 1 1 1 1 1 2 -1 #SUP: 5323
5 6 5 7 1 1 1 1 2 -1 #SUP: 5402
5 6 5 7 1 1 1 2 -1 #SUP: 5449
5 6 5 7 1 1 2 -1 #SUP: 5464
5 6 5 7 1 2 -1 #SUP: 5473
5 6 5 7 1 2 1 -1 #SUP: 5323
5 6 5 7 2 -1 #SUP: 5478
5 6 5 7 2 1 -1 #SUP: 5337
5 6 5 7 7 -1 #SUP: 5493
5 6 5 7 7 1 -1 #SUP: 5492
5 6 5 7 7 1 1 -1 #SUP: 5488
5 6 5 7 7 1 1 1 -1 #SUP: 5454
5 6 5 7 7 1 1 1 1 -1 #SUP: 5394
5 6 5 7 7 1 1 1 2 -1 #SUP: 5343
5 6 5 7 7 1 1 2 -1 #SUP: 5384
5 6 5 7 7 1 2 -1 #SUP: 5399
5 6 5 7 7 2 -1 #SUP: 5401
5 6 5 7 7 7 -1 #SUP: 5344
5 6 5 7 7 7 1 -1 #SUP: 5343
5 6 5 7 7 7 1 1 -1 #SUP: 5326
5 6 6 -1 #SUP: 5594
5 6 6 1 -1 #SUP: 5594
5 6 6 1 1 -1 #SUP: 5591
5 6 6 1 1 1 -1 #SUP: 5588
5 6 6 1 1 1 1 -1 #SUP: 5573
5 6 6 1 1 1 1 1 -1 #SUP: 5535
5 6 6 1 1 1 1 1 1 -1 #SUP: 5455
5 6 6 1 1 1 1 1 1 1 -1 #SUP: 5346
5 6 6 1 1 1 1 1 2 -1 #SUP: 5380
5 6 6 1 1 1 1 2 -1 #SUP: 5442
5 6 6 1 1 1 2 -1 #SUP: 5470
5 6 6 1 1 1 2 1 -1 #SUP: 5303
5 6 6 1 1 2 -1 #SUP: 5481
5 6 6 1 1 2 1 -1 #SUP: 5353
5 6 6 1 2 -1 #SUP: 5485
5 6 6 1 2 1 -1 #SUP: 5373
5 6 6 2 -1 #SUP: 5516
5 6 6 2 1 -1 #SUP: 5429
5 6 6 2 1 1 -1 #SUP: 5316
5 6 6 2 2 -1 #SUP: 5334
5 6 6 5 -1 #SUP: 5392
5 6 6 5 1 -1 #SUP: 5391
5 6 6 5 1 1 -1 #SUP: 5387
5 6 6 5 1 1 1 -1 #SUP: 5385
5 6 6 5 1 1 1 1 -1 #SUP: 5367
5 6 6 5 1 1 1 1 1 -1 #SUP: 5316
5 6 6 5 2 -1 #SUP: 5343
5 6 6 5 5 -1 #SUP: 5315
5 6 6 5 5 1 -1 #SUP: 5312
5 6 6 5 5 1 1 -1 #SUP: 5303
5 6 6 7 -1 #SUP: 5514
5 6 6 7 1 -1 #SUP: 5514
5 6 6 7 1 1 -1 #SUP: 5510
5 6 6 7 1 1 1 -1 #SUP: 5496
5 6 6 7 1 1 1 1 -1 #SUP: 5469
5 6 6 7 1 1 1 1 1 -1 #SUP: 5404
5 6 6 7 1 1 1 1 2 -1 #SUP: 5342
5 6 6 7 1 1 1 2 -1 #SUP: 5396
5 6 6 7 1 1 2 -1 #SUP: 5416
5 6 6 7 1 2 -1 #SUP: 5425
5 6 6 7 2 -1 #SUP: 5427
5 6 6 7 7 -1 #SUP: 5425
5 6 6 7 7 1 -1 #SUP: 5424
5 6 6 7 7 1 1 -1 #SUP: 5418
5 6 6 7 7 1 1 1 -1 #SUP: 5389
5 6 6 7 7 1 1 1 1 -1 #SUP: 5325
5 6 6 7 7 1 1 2 -1 #SUP: 5316
5 6 6 7 7 1 2 -1 #SUP: 5334
5 6 6 7 7 2 -1 #SUP: 5337
5 6 7 -1 #SUP: 5756
5 6 7 1 -1 #SUP: 5756
5 6 7 1 1 -1 #SUP: 5755
5 6 7 1 1 1 -1 #SUP: 5742
5 6 7 1 1 1 1 -1 #SUP: 5713
5 6 7 1 1 1 1 1 -1 #SUP: 5649
5 6 7 1 1 1 1 1 1 -1 #SUP: 5526
5 6 7 1 1 1 1 1 1 1 -1 #SUP: 5361
5 6 7 1 1 1 1 1 1 2 -1 #SUP: 5323
5 6 7 1 1 1 1 1 2 -1 #SUP: 5481
5 6 7 1 1 1 1 2 -1 #SUP: 5567
5 6 7 1 1 1 2 -1 #SUP: 5618
5 6 7 1 1 1 2 1 -1 #SUP: 5387
5 6 7 1 1 1 2 2 -1 #SUP: 5319
5 6 7 1 1 2 -1 #SUP: 5635
5 6 7 1 1 2 1 -1 #SUP: 5452
5 6 7 1 1 2 2 -1 #SUP: 5373
5 6 7 1 2 -1 #SUP: 5643
5 6 7 1 2 1 -1 #SUP: 5481
5 6 7 1 2 2 -1 #SUP: 5394
5 6 7 2 -1 #SUP: 5644
5 6 7 2 1 -1 #SUP: 5492
5 6 7 2 2 -1 #SUP: 5401
5 6 7 7 -1 #SUP: 5691
5 6 7 7 1 -1 #SUP: 5691
5 6 7 7 1 1 -1 #SUP: 5689
5 6 7 7 1 1 1 -1 #SUP: 5661
5 6 7 7 1 1 1 1 -1 #SUP: 5602
5 6 7 7 1 1 1 1 1 -1 #SUP: 5499
5 6 7 7 1 1 1 1 1 1 -1 #SUP: 5319
5 6 7 7 1 1 1 1 2 -1 #SUP: 5432
5 6 7 7 1 1 1 2 -1 #SUP: 5524
5 6 7 7 1 1 2 -1 #SUP: 5559
5 6 7 7 1 1 2 1 -1 #SUP: 5346
5 6 7 7 1 2 -1 #SUP: 5573
5 6 7 7 1 2 1 -1 #SUP: 5393
5 6 7 7 1 2 2 -1 #SUP: 5315
5 6 7 7 2 -1 #SUP: 5575
5 6 7 7 2 1 -1 #SUP: 5406
5 6 7 7 2 2 -1 #SUP: 5325
5 6 7 7 7 -1 #SUP: 5535
5 6 7 7 7 1 -1 #SUP: 5534
5 6 7 7 7 1 1 -1 #SUP: 5522
5 6 7 7 7 1 1 1 -1 #SUP: 5469
5 6 7 7 7 1 1 1 1 -1 #SUP: 5376
5 6 7 7 7 1 1 1 2 -1 #SUP: 5319
5 6 7 7 7 1 1 2 -1 #SUP: 5386
5 6 7 7 7 1 2 -1 #SUP: 5415
5 6 7 7 7 2 -1 #SUP: 5419
5 7 -1 #SUP: 5864
5 7 1 -1 #SUP: 5864
5 7 1 1 -1 #SUP: 5863
5 7 1 1 1 -1 #SUP: 5851
5 7 1 1 1 1 -1 #SUP: 5824
5 7 1 1 1 1 1 -1 #SUP: 5766
5 7 1 1 1 1 1 1 -1 #SUP: 5651
5 7 1 1 1 1 1 1 1 -1 #SUP: 5494
5 7 1 1 1 1 1 1 2 -1 #SUP: 5436
5 7 1 1 1 1 1 2 -1 #SUP: 5576
5 7 1 1 1 1 2 -1 #SUP: 5651
5 7 1 1 1 1 2 1 -1 #SUP: 5360
5 7 1 1 1 1 2 2 -1 #SUP: 5307
5 7 1 1 1 2 -1 #SUP: 5699
5 7 1 1 1 2 1 -1 #SUP: 5469
5 7 1 1 1 2 2 -1 #SUP: 5390
5 7 1 1 2 -1 #SUP: 5715
5 7 1 1 2 1 -1 #SUP: 5534
5 7 1 1 2 2 -1 #SUP: 5442
5 7 1 2 -1 #SUP: 5724
5 7 1 2 1 -1 #SUP: 5564
5 7 1 2 1 1 -1 #SUP: 5343
5 7 1 2 2 -1 #SUP: 5463
5 7 2 -1 #SUP: 5727
5 7 2 1 -1 #SUP: 5580
5 7 2 1 1 -1 #SUP: 5385
5 7 2 1 2 -1 #SUP: 5305
5 7 2 2 -1 #SUP: 5476
5 7 7 -1 #SUP: 5811
5 7 7 1 -1 #SUP: 5811
5 7 7 1 1 -1 #SUP: 5809
5 7 7 1 1 1 -1 #SUP: 5783
5 7 7 1 1 1 1 -1 #SUP: 5730
5 7 7 1 1 1 1 1 -1 #SUP: 5630
5 7 7 1 1 1 1 1 1 -1 #SUP: 5460
5 7 7 1 1 1 1 1 2 -1 #SUP: 5396
5 7 7 1 1 1 1 2 -1 #SUP: 5531
5 7 7 1 1 1 2 -1 #SUP: 5617
5 7 7 1 1 1 2 1 -1 #SUP: 5340
5 7 7 1 1 2 -1 #SUP: 5651
5 7 7 1 1 2 1 -1 #SUP: 5435
5 7 7 1 1 2 2 -1 #SUP: 5358
5 7 7 1 2 -1 #SUP: 5664
5 7 7 1 2 1 -1 #SUP: 5483
5 7 7 1 2 2 -1 #SUP: 5390
5 7 7 2 -1 #SUP: 5667
5 7 7 2 1 -1 #SUP: 5499
5 7 7 2 2 -1 #SUP: 5400
5 7 7 7 -1 #SUP: 5680
5 7 7 7 1 -1 #SUP: 5680
5 7 7 7 1 1 -1 #SUP: 5669
5 7 7 7 1 1 1 -1 #SUP: 5621
5 7 7 7 1 1 1 1 -1 #SUP: 5531
5 7 7 7 1 1 1 1 1 -1 #SUP: 5377
5 7 7 7 1 1 1 2 -1 #SUP: 5437
5 7 7 7 1 1 2 -1 #SUP: 5502
5 7 7 7 1 2 -1 #SUP: 5529
5 7 7 7 1 2 1 -1 #SUP: 5322
5 7 7 7 2 -1 #SUP: 5532
5 7 7 7 2 1 -1 #SUP: 5340
5 7 7 7 7 -1 #SUP: 5420
5 7 7 7 7 1 -1 #SUP: 5419
5 7 7 7 7 1 1 -1 #SUP: 5395
5 7 7 7 7 1 1 1 -1 #SUP: 5329
6 -1 #SUP: 5807
6 1 -1 #SUP: 5807
6 1 1 -1 #SUP: 5807
6 1 1 1 -1 #SUP: 5806
6 1 1 1 1 -1 #SUP: 5792
6 1 1 1 1 1 -1 #SUP: 5752
6 1 1 1 1 1 1 -1 #SUP: 5680
6 1 1 1 1 1 1 1 -1 #SUP: 5577
6 1 1 1 1 1 1 1 1 -1 #SUP: 5383
6 1 1 1 1 1 1 1 2 -1 #SUP: 5353
6 1 1 1 1 1 1 2 -1 #SUP: 5508
6 1 1 1 1 1 2 -1 #SUP: 5610
6 1 1 1 1 1 2 1 -1 #SUP: 5348
6 1 1 1 1 1 2 2 -1 #SUP: 5325
6 1 1 1 1 2 -1 #SUP: 5668
6 1 1 1 1 2 1 -1 #SUP: 5450
6 1 1 1 1 2 2 -1 #SUP: 5417
6 1 1 1 2 -1 #SUP: 5692
6 1 1 1 2 1 -1 #SUP: 5530
6 1 1 1 2 1 1 -1 #SUP: 5301
6 1 1 1 2 2 -1 #SUP: 5476
6 1 1 2 -1 #SUP: 5699
6 1 1 2 1 -1 #SUP: 5578
6 1 1 2 1 1 -1 #SUP: 5405
6 1 1 2 1 2 -1 #SUP: 5358
6 1 1 2 2 -1 #SUP: 5507
6 1 1 7 -1 #SUP: 5313
6 1 1 7 1 -1 #SUP: 5308
6 1 2 -1 #SUP: 5704
6 1 2 1 -1 #SUP: 5602
6 1 2 1 1 -1 #SUP: 5473
6 1 2 1 1 1 -1 #SUP: 5305
6 1 2 1 2 -1 #SUP: 5403
6 1 2 2 -1 #SUP: 5535
6 1 2 2 1 -1 #SUP: 5327
6 1 7 -1 #SUP: 5450
6 1 7 1 -1 #SUP: 5446
6 1 7 1 1 -1 #SUP: 5402
6 1 7 1 2 -1 #SUP: 5321
6 1 7 2 -1 #SUP: 5332
6 2 -1 #SUP: 5732
6 2 1 -1 #SUP: 5665
6 2 1 1 -1 #SUP: 5581
6 2 1 1 1 -1 #SUP: 5453
6 2 1 1 2 -1 #SUP: 5353
6 2 1 2 -1 #SUP: 5490
6 2 2 -1 #SUP: 5608
6 2 2 1 -1 #SUP: 5463
6 2 2 2 -1 #SUP: 5429
6 4 -1 #SUP: 5371
6 4 1 -1 #SUP: 5339
6 4 2 -1 #SUP: 5334
6 5 -1 #SUP: 5709
6 5 1 -1 #SUP: 5708
6 5 1 1 -1 #SUP: 5705
6 5 1 1 1 -1 #SUP: 5703
6 5 1 1 1 1 -1 #SUP: 5689
6 5 1 1 1 1 1 -1 #SUP: 5644
6 5 1 1 1 1 1 1 -1 #SUP: 5563
6 5 1 1 1 1 1 1 1 -1 #SUP: 5447
6 5 1 1 1 1 1 1 2 -1 #SUP: 5375
6 5 1 1 1 1 1 2 -1 #SUP: 5479
6 5 1 1 1 1 2 -1 #SUP: 5531
6 5 1 1 1 1 2 1 -1 #SUP: 5302
6 5 1 1 1 2 -1 #SUP: 5558
6 5 1 1 1 2 1 -1 #SUP: 5390
6 5 1 1 1 2 2 -1 #SUP: 5335
6 5 1 1 2 -1 #SUP: 5568
6 5 1 1 2 1 -1 #SUP: 5441
6 5 1 1 2 2 -1 #SUP: 5370
6 5 1 2 -1 #SUP: 5583
6 5 1 2 1 -1 #SUP: 5474
6 5 1 2 1 1 -1 #SUP: 5340
6 5 1 2 2 -1 #SUP: 5404
6 5 1 7 -1 #SUP: 5351
6 5 1 7 1 -1 #SUP: 5347
6 5 1 7 1 1 -1 #SUP: 5303
6 5 2 -1 #SUP: 5654
6 5 2 1 -1 #SUP: 5596
6 5 2 1 1 -1 #SUP: 5511
6 5 2 1 1 1 -1 #SUP: 5388
6 5 2 1 2 -1 #SUP: 5414
6 5 2 2 -1 #SUP: 5542
6 5 2 2 1 -1 #SUP: 5391
6 5 2 2 2 -1 #SUP: 5338
6 5 5 -1 #SUP: 5687
6 5 5 1 -1 #SUP: 5685
6 5 5 1 1 -1 #SUP: 5680
6 5 5 1 1 1 -1 #SUP: 5676
6 5 5 1 1 1 1 -1 #SUP: 5661
6 5 5 1 1 1 1 1 -1 #SUP: 5613
6 5 5 1 1 1 1 1 1 -1 #SUP: 5530
6 5 5 1 1 1 1 1 1 1 -1 #SUP: 5395
6 5 5 1 1 1 1 1 1 2 -1 #SUP: 5330
6 5 5 1 1 1 1 1 2 -1 #SUP: 5436
6 5 5 1 1 1 1 2 -1 #SUP: 5495
6 5 5 1 1 1 2 -1 #SUP: 5522
6 5 5 1 1 1 2 1 -1 #SUP: 5343
6 5 5 1 1 2 -1 #SUP: 5533
6 5 5 1 1 2 1 -1 #SUP: 5392
6 5 5 1 1 2 2 -1 #SUP: 5313
6 5 5 1 2 -1 #SUP: 5553
6 5 5 1 2 1 -1 #SUP: 5429
6 5 5 1 2 2 -1 #SUP: 5348
6 5 5 1 7 -1 #SUP: 5303
6 5 5 1 7 1 -1 #SUP: 5299
6 5 5 2 -1 #SUP: 5625
6 5 5 2 1 -1 #SUP: 5554
6 5 5 2 1 1 -1 #SUP: 5451
6 5 5 2 1 1 1 -1 #SUP: 5302
6 5 5 2 1 2 -1 #SUP: 5355
6 5 5 2 2 -1 #SUP: 5486
6 5 5 2 2 1 -1 #SUP: 5311
6 5 5 5 -1 #SUP: 5616
6 5 5 5 1 -1 #SUP: 5611
6 5 5 5 1 1 -1 #SUP: 5598
6 5 5 5 1 1 1 -1 #SUP: 5589
6 5 5 5 1 1 1 1 -1 #SUP: 5569
6 5 5 5 1 1 1 1 1 -1 #SUP: 5530
6 5 5 5 1 1 1 1 1 1 -1 #SUP: 5448
6 5 5 5 1 1 1 1 1 1 1 -1 #SUP: 5313
6 5 5 5 1 1 1 1 1 2 -1 #SUP: 5355
6 5 5 5 1 1 1 1 2 -1 #SUP: 5404
6 5 5 5 1 1 1 2 -1 #SUP: 5432
6 5 5 5 1 1 2 -1 #SUP: 5450
6 5 5 5 1 2 -1 #SUP: 5478
6 5 5 5 1 2 1 -1 #SUP: 5341
6 5 5 5 2 -1 #SUP: 5551
6 5 5 5 2 1 -1 #SUP: 5460
6 5 5 5 2 1 1 -1 #SUP: 5328
6 5 5 5 2 2 -1 #SUP: 5393
6 5 5 5 5 -1 #SUP: 5541
6 5 5 5 5 1 -1 #SUP: 5531
6 5 5 5 5 1 1 -1 #SUP: 5511
6 5 5 5 5 1 1 1 -1 #SUP: 5486
6 5 5 5 5 1 1 1 1 -1 #SUP: 5460
6 5 5 5 5 1 1 1 1 1 -1 #SUP: 5419
6 5 5 5 5 1 1 1 1 1 1 -1 #SUP: 5340
6 5 5 5 5 1 1 1 2 -1 #SUP: 5325
6 5 5 5 5 1 1 2 -1 #SUP: 5360
6 5 5 5 5 1 2 -1 #SUP: 5394
6 5 5 5 5 2 -1 #SUP: 5470
6 5 5 5 5 2 1 -1 #SUP: 5367
6 5 5 5 5 2 2 -1 #SUP: 5301
6 5 5 5 5 5 -1 #SUP: 5399
6 5 5 5 5 5 1 -1 #SUP: 5388
6 5 5 5 5 5 1 1 -1 #SUP: 5354
6 5 5 5 5 5 1 1 1 -1 #SUP: 5307
6 5 5 5 5 5 2 -1 #SUP: 5325
6 5 5 5 5 7 -1 #SUP: 5312
6 5 5 5 5 7 1 -1 #SUP: 5311
6 5 5 5 5 7 1 1 -1 #SUP: 5308
6 5 5 5 6 -1 #SUP: 5316
6 5 5 5 6 1 -1 #SUP: 5310
6 5 5 5 7 -1 #SUP: 5436
6 5 5 5 7 1 -1 #SUP: 5434
6 5 5 5 7 1 1 -1 #SUP: 5430
6 5 5 5 7 1 1 1 -1 #SUP: 5413
6 5 5 5 7 1 1 1 1 -1 #SUP: 5387
6 5 5 5 7 1 1 1 1 1 -1 #SUP: 5330
6 5 5 5 7 1 1 1 2 -1 #SUP: 5321
6 5 5 5 7 1 1 2 -1 #SUP: 5339
6 5 5 5 7 1 2 -1 #SUP: 5348
6 5 5 5 7 2 -1 #SUP: 5353
6 5 5 5 7 7 -1 #SUP: 5357
6 5 5 5 7 7 1 -1 #SUP: 5354
6 5 5 5 7 7 1 1 -1 #SUP: 5345
6 5 5 5 7 7 1 1 1 -1 #SUP: 5313
6 5 5 6 -1 #SUP: 5417
6 5 5 6 1 -1 #SUP: 5416
6 5 5 6 1 1 -1 #SUP: 5405
6 5 5 6 1 1 1 -1 #SUP: 5401
6 5 5 6 1 1 1 1 -1 #SUP: 5388
6 5 5 6 1 1 1 1 1 -1 #SUP: 5346
6 5 5 6 1 2 -1 #SUP: 5310
6 5 5 6 2 -1 #SUP: 5352
6 5 5 7 -1 #SUP: 5524
6 5 5 7 1 -1 #SUP: 5524
6 5 5 7 1 1 -1 #SUP: 5521
6 5 5 7 1 1 1 -1 #SUP: 5508
6 5 5 7 1 1 1 1 -1 #SUP: 5480
6 5 5 7 1 1 1 1 1 -1 #SUP: 5416
6 5 5 7 1 1 1 1 1 1 -1 #SUP: 5303
6 5 5 7 1 1 1 1 2 -1 #SUP: 5360
6 5 5 7 1 1 1 2 -1 #SUP: 5408
6 5 5 7 1 1 2 -1 #SUP: 5424
6 5 5 7 1 2 -1 #SUP: 5433
6 5 5 7 2 -1 #SUP: 5438
6 5 5 7 7 -1 #SUP: 5452
6 5 5 7 7 1 -1 #SUP: 5451
6 5 5 7 7 1 1 -1 #SUP: 5445
6 5 5 7 7 1 1 1 -1 #SUP: 5411
6 5 5 7 7 1 1 1 1 -1 #SUP: 5352
6 5 5 7 7 1 1 1 2 -1 #SUP: 5302
6 5 5 7 7 1 1 2 -1 #SUP: 5342
6 5 5 7 7 1 2 -1 #SUP: 5360
6 5 5 7 7 2 -1 #SUP: 5362
6 5 5 7 7 7 -1 #SUP: 5305
6 5 5 7 7 7 1 -1 #SUP: 5304
6 5 6 -1 #SUP: 5479
6 5 6 1 -1 #SUP: 5479
6 5 6 1 1 -1 #SUP: 5473
6 5 6 1 1 1 -1 #SUP: 5470
6 5 6 1 1 1 1 -1 #SUP: 5458
6 5 6 1 1 1 1 1 -1 #SUP: 5416
6 5 6 1 1 1 1 1 1 -1 #SUP: 5331
6 5 6 1 1 1 1 2 -1 #SUP: 5326
6 5 6 1 1 1 2 -1 #SUP: 5352
6 5 6 1 1 2 -1 #SUP: 5363
6 5 6 1 2 -1 #SUP: 5373
6 5 6 2 -1 #SUP: 5413
6 5 6 2 1 -1 #SUP: 5327
6 5 6 7 -1 #SUP: 5373
6 5 6 7 1 -1 #SUP: 5373
6 5 6 7 1 1 -1 #SUP: 5366
6 5 6 7 1 1 1 -1 #SUP: 5353
6 5 6 7 1 1 1 1 -1 #SUP: 5327
6 5 6 7 2 -1 #SUP: 5300
6 5 7 -1 #SUP: 5575
6 5 7 1 -1 #SUP: 5575
6 5 7 1 1 -1 #SUP: 5572
6 5 7 1 1 1 -1 #SUP: 5560
6 5 7 1 1 1 1 -1 #SUP: 5534
6 5 7 1 1 1 1 1 -1 #SUP: 5470
6 5 7 1 1 1 1 1 1 -1 #SUP: 5355
6 5 7 1 1 1 1 1 2 -1 #SUP: 5332
6 5 7 1 1 1 1 2 -1 #SUP: 5412
6 5 7 1 1 1 2 -1 #SUP: 5458
6 5 7 1 1 2 -1 #SUP: 5473
6 5 7 1 1 2 1 -1 #SUP: 5304
6 5 7 1 2 -1 #SUP: 5482
6 5 7 1 2 1 -1 #SUP: 5331
6 5 7 2 -1 #SUP: 5487
6 5 7 2 1 -1 #SUP: 5345
6 5 7 7 -1 #SUP: 5507
6 5 7 7 1 -1 #SUP: 5506
6 5 7 7 1 1 -1 #SUP: 5502
6 5 7 7 1 1 1 -1 #SUP: 5469
6 5 7 7 1 1 1 1 -1 #SUP: 5410
6 5 7 7 1 1 1 1 1 -1 #SUP: 5303
6 5 7 7 1 1 1 2 -1 #SUP: 5358
6 5 7 7 1 1 2 -1 #SUP: 5398
6 5 7 7 1 2 -1 #SUP: 5413
6 5 7 7 2 -1 #SUP: 5415
6 5 7 7 7 -1 #SUP: 5360
6 5 7 7 7 1 -1 #SUP: 5359
6 5 7 7 7 1 1 -1 #SUP: 5342
6 6 -1 #SUP: 5602
6 6 1 -1 #SUP: 5602
6 6 1 1 -1 #SUP: 5599
6 6 1 1 1 -1 #SUP: 5596
6 6 1 1 1 1 -1 #SUP: 5582
6 6 1 1 1 1 1 -1 #SUP: 5545
6 6 1 1 1 1 1 1 -1 #SUP: 5465
6 6 1 1 1 1 1 1 1 -1 #SUP: 5358
6 6 1 1 1 1 1 2 -1 #SUP: 5390
6 6 1 1 1 1 2 -1 #SUP: 5451
6 6 1 1 1 2 -1 #SUP: 5479
6 6 1 1 1 2 1 -1 #SUP: 5315
6 6 1 1 2 -1 #SUP: 5489
6 6 1 1 2 1 -1 #SUP: 5364
6 6 1 2 -1 #SUP: 5494
6 6 1 2 1 -1 #SUP: 5385
6 6 2 -1 #SUP: 5525
6 6 2 1 -1 #SUP: 5443
6 6 2 1 1 -1 #SUP: 5337
6 6 2 2 -1 #SUP: 5353
6 6 5 -1 #SUP: 5411
6 6 5 1 -1 #SUP: 5410
6 6 5 1 1 -1 #SUP: 5406
6 6 5 1 1 1 -1 #SUP: 5404
6 6 5 1 1 1 1 -1 #SUP: 5386
6 6 5 1 1 1 1 1 -1 #SUP: 5337
6 6 5 2 -1 #SUP: 5362
6 6 5 5 -1 #SUP: 5342
6 6 5 5 1 -1 #SUP: 5340
6 6 5 5 1 1 -1 #SUP: 5331
6 6 5 5 1 1 1 -1 #SUP: 5324
6 6 6 -1 #SUP: 5303
6 6 6 1 -1 #SUP: 5303
6 6 6 1 1 -1 #SUP: 5300
6 6 7 -1 #SUP: 5524
6 6 7 1 -1 #SUP: 5524
6 6 7 1 1 -1 #SUP: 5520
6 6 7 1 1 1 -1 #SUP: 5506
6 6 7 1 1 1 1 -1 #SUP: 5480
6 6 7 1 1 1 1 1 -1 #SUP: 5415
6 6 7 1 1 1 1 2 -1 #SUP: 5353
6 6 7 1 1 1 2 -1 #SUP: 5407
6 6 7 1 1 2 -1 #SUP: 5426
6 6 7 1 2 -1 #SUP: 5435
6 6 7 2 -1 #SUP: 5437
6 6 7 2 1 -1 #SUP: 5302
6 6 7 7 -1 #SUP: 5437
6 6 7 7 1 -1 #SUP: 5436
6 6 7 7 1 1 -1 #SUP: 5430
6 6 7 7 1 1 1 -1 #SUP: 5401
6 6 7 7 1 1 1 1 -1 #SUP: 5337
6 6 7 7 1 1 2 -1 #SUP: 5328
6 6 7 7 1 2 -1 #SUP: 5346
6 6 7 7 2 -1 #SUP: 5349
6 7 -1 #SUP: 5759
6 7 1 -1 #SUP: 5759
6 7 1 1 -1 #SUP: 5758
6 7 1 1 1 -1 #SUP: 5745
6 7 1 1 1 1 -1 #SUP: 5717
6 7 1 1 1 1 1 -1 #SUP: 5653
6 7 1 1 1 1 1 1 -1 #SUP: 5532
6 7 1 1 1 1 1 1 1 -1 #SUP: 5371
6 7 1 1 1 1 1 1 2 -1 #SUP: 5330
6 7 1 1 1 1 1 2 -1 #SUP: 5485
6 7 1 1 1 1 2 -1 #SUP: 5571
6 7 1 1 1 2 -1 #SUP: 5621
6 7 1 1 1 2 1 -1 #SUP: 5391
6 7 1 1 1 2 2 -1 #SUP: 5323
6 7 1 1 2 -1 #SUP: 5638
6 7 1 1 2 1 -1 #SUP: 5456
6 7 1 1 2 2 -1 #SUP: 5376
6 7 1 2 -1 #SUP: 5646
6 7 1 2 1 -1 #SUP: 5485
6 7 1 2 2 -1 #SUP: 5397
6 7 2 -1 #SUP: 5647
6 7 2 1 -1 #SUP: 5496
6 7 2 2 -1 #SUP: 5404
6 7 7 -1 #SUP: 5695
6 7 7 1 -1 #SUP: 5695
6 7 7 1 1 -1 #SUP: 5693
6 7 7 1 1 1 -1 #SUP: 5665
6 7 7 1 1 1 1 -1 #SUP: 5608
6 7 7 1 1 1 1 1 -1 #SUP: 5504
6 7 7 1 1 1 1 1 1 -1 #SUP: 5328
6 7 7 1 1 1 1 2 -1 #SUP: 5438
6 7 7 1 1 1 2 -1 #SUP: 5529
6 7 7 1 1 2 -1 #SUP: 5563
6 7 7 1 1 2 1 -1 #SUP: 5350
6 7 7 1 2 -1 #SUP: 5577
6 7 7 1 2 1 -1 #SUP: 5397
6 7 7 1 2 2 -1 #SUP: 5319
6 7 7 2 -1 #SUP: 5579
6 7 7 2 1 -1 #SUP: 5410
6 7 7 2 2 -1 #SUP: 5329
6 7 7 7 -1 #SUP: 5541
6 7 7 7 1 -1 #SUP: 5540
6 7 7 7 1 1 -1 #SUP: 5528
6 7 7 7 1 1 1 -1 #SUP: 5478
6 7 7 7 1 1 1 1 -1 #SUP: 5387
6 7 7 7 1 1 1 2 -1 #SUP: 5328
6 7 7 7 1 1 2 -1 #SUP: 5392
6 7 7 7 1 2 -1 #SUP: 5421
6 7 7 7 2 -1 #SUP: 5425
7 -1 #SUP: 5865
7 1 -1 #SUP: 5865
7 1 1 -1 #SUP: 5864
7 1 1 1 -1 #SUP: 5852
7 1 1 1 1 -1 #SUP: 5826
7 1 1 1 1 1 -1 #SUP: 5770
7 1 1 1 1 1 1 -1 #SUP: 5654
7 1 1 1 1 1 1 1 -1 #SUP: 5501
7 1 1 1 1 1 1 2 -1 #SUP: 5439
7 1 1 1 1 1 2 -1 #SUP: 5580
7 1 1 1 1 2 -1 #SUP: 5653
7 1 1 1 1 2 1 -1 #SUP: 5365
7 1 1 1 1 2 2 -1 #SUP: 5311
7 1 1 1 2 -1 #SUP: 5700
7 1 1 1 2 1 -1 #SUP: 5472
7 1 1 1 2 2 -1 #SUP: 5392
7 1 1 2 -1 #SUP: 5716
7 1 1 2 1 -1 #SUP: 5538
7 1 1 2 2 -1 #SUP: 5444
7 1 2 -1 #SUP: 5725
7 1 2 1 -1 #SUP: 5568
7 1 2 1 1 -1 #SUP: 5351
7 1 2 2 -1 #SUP: 5465
7 2 -1 #SUP: 5728
7 2 1 -1 #SUP: 5585
7 2 1 1 -1 #SUP: 5394
7 2 1 2 -1 #SUP: 5311
7 2 2 -1 #SUP: 5479
7 7 -1 #SUP: 5812
7 7 1 -1 #SUP: 5812
7 7 1 1 -1 #SUP: 5810
7 7 1 1 1 -1 #SUP: 5784
7 7 1 1 1 1 -1 #SUP: 5730
7 7 1 1 1 1 1 -1 #SUP: 5630
7 7 1 1 1 1 1 1 -1 #SUP: 5463
7 7 1 1 1 1 1 2 -1 #SUP: 5396
7 7 1 1 1 1 2 -1 #SUP: 5531
7 7 1 1 1 2 -1 #SUP: 5618
7 7 1 1 1 2 1 -1 #SUP: 5341
7 7 1 1 2 -1 #SUP: 5652
7 7 1 1 2 1 -1 #SUP: 5436
7 7 1 1 2 2 -1 #SUP: 5360
7 7 1 2 -1 #SUP: 5665
7 7 1 2 1 -1 #SUP: 5484
7 7 1 2 2 -1 #SUP: 5392
7 7 2 -1 #SUP: 5668
7 7 2 1 -1 #SUP: 5500
7 7 2 2 -1 #SUP: 5402
7 7 7 -1 #SUP: 5682
7 7 7 1 -1 #SUP: 5682
7 7 7 1 1 -1 #SUP: 5671
7 7 7 1 1 1 -1 #SUP: 5624
7 7 7 1 1 1 1 -1 #SUP: 5534
7 7 7 1 1 1 1 1 -1 #SUP: 5381
7 7 7 1 1 1 2 -1 #SUP: 5440
7 7 7 1 1 2 -1 #SUP: 5504
7 7 7 1 2 -1 #SUP: 5531
7 7 7 1 2 1 -1 #SUP: 5325
7 7 7 2 -1 #SUP: 5534
7 7 7 2 1 -1 #SUP: 5343
7 7 7 7 -1 #SUP: 5422
7 7 7 7 1 -1 #SUP: 5421
7 7 7 7 1 1 -1 #SUP: 5397
7 7 7 7 1 1 1 -1 #SUP: 5331
