0 -1 #SUP: 33
1 -1 #SUP: 34
2 -1 #SUP: 33
2 3 -1 #SUP: 8
2 2 -1 #SUP: 8
2 1 -1 #SUP: 8
3 -1 #SUP: 34
3 3 -1 #SUP: 26
3 5 -1 #SUP: 30
3 5 3 -1 #SUP: 17
3 5 5 -1 #SUP: 24
3 5 7 -1 #SUP: 27
3 5 7 3 -1 #SUP: 9
3 5 7 7 -1 #SUP: 17
3 5 7 0 -1 #SUP: 16
3 5 7 2 -1 #SUP: 15
3 5 7 1 -1 #SUP: 15
3 5 0 -1 #SUP: 26
3 5 2 -1 #SUP: 27
3 5 4 -1 #SUP: 12
3 5 6 -1 #SUP: 25
3 5 6 3 -1 #SUP: 12
3 5 6 5 -1 #SUP: 7
3 5 6 7 -1 #SUP: 19
3 5 6 7 7 -1 #SUP: 11
3 5 6 7 0 -1 #SUP: 10
3 5 6 7 2 -1 #SUP: 10
3 5 6 7 1 -1 #SUP: 9
3 5 6 0 -1 #SUP: 18
3 5 6 2 -1 #SUP: 20
3 5 6 6 -1 #SUP: 15
3 5 6 1 -1 #SUP: 20
3 5 1 -1 #SUP: 28
3 7 -1 #SUP: 28
3 7 3 -1 #SUP: 9
3 7 7 -1 #SUP: 18
3 7 0 -1 #SUP: 17
3 7 2 -1 #SUP: 16
3 7 1 -1 #SUP: 16
3 0 -1 #SUP: 27
3 2 -1 #SUP: 30
3 4 -1 #SUP: 28
3 4 3 -1 #SUP: 15
3 4 5 -1 #SUP: 18
3 4 5 3 -1 #SUP: 11
3 4 5 5 -1 #SUP: 13
3 4 5 7 -1 #SUP: 16
3 4 5 7 7 -1 #SUP: 10
3 4 5 7 0 -1 #SUP: 10
3 4 5 7 2 -1 #SUP: 9
3 4 5 7 1 -1 #SUP: 9
3 4 5 0 -1 #SUP: 16
3 4 5 2 -1 #SUP: 15
3 4 5 6 -1 #SUP: 14
3 4 5 6 3 -1 #SUP: 8
3 4 5 6 7 -1 #SUP: 11
3 4 5 6 0 -1 #SUP: 11
3 4 5 6 2 -1 #SUP: 11
3 4 5 6 6 -1 #SUP: 8
3 4 5 6 1 -1 #SUP: 11
3 4 5 1 -1 #SUP: 16
3 4 7 -1 #SUP: 17
3 4 7 7 -1 #SUP: 11
3 4 7 0 -1 #SUP: 11
3 4 7 2 -1 #SUP: 10
3 4 7 1 -1 #SUP: 10
3 4 0 -1 #SUP: 17
3 4 2 -1 #SUP: 17
3 4 4 -1 #SUP: 15
3 4 6 -1 #SUP: 15
3 4 6 3 -1 #SUP: 8
3 4 6 7 -1 #SUP: 12
3 4 6 7 7 -1 #SUP: 7
3 4 6 7 0 -1 #SUP: 7
3 4 6 7 2 -1 #SUP: 7
3 4 6 0 -1 #SUP: 12
3 4 6 2 -1 #SUP: 12
3 4 6 6 -1 #SUP: 9
3 4 6 1 -1 #SUP: 12
3 4 1 -1 #SUP: 18
3 6 -1 #SUP: 27
3 6 3 -1 #SUP: 12
3 6 5 -1 #SUP: 8
3 6 7 -1 #SUP: 20
3 6 7 7 -1 #SUP: 12
3 6 7 0 -1 #SUP: 11
3 6 7 2 -1 #SUP: 11
3 6 7 1 -1 #SUP: 10
3 6 0 -1 #SUP: 19
3 6 2 -1 #SUP: 21
3 6 6 -1 #SUP: 16
3 6 1 -1 #SUP: 21
3 1 -1 #SUP: 30
4 -1 #SUP: 33
4 3 -1 #SUP: 15
4 5 -1 #SUP: 18
4 5 3 -1 #SUP: 11
4 5 5 -1 #SUP: 13
4 5 7 -1 #SUP: 16
4 5 7 7 -1 #SUP: 10
4 5 7 0 -1 #SUP: 10
4 5 7 2 -1 #SUP: 9
4 5 7 1 -1 #SUP: 9
4 5 0 -1 #SUP: 16
4 5 2 -1 #SUP: 15
4 5 6 -1 #SUP: 14
4 5 6 3 -1 #SUP: 8
4 5 6 7 -1 #SUP: 11
4 5 6 0 -1 #SUP: 11
4 5 6 2 -1 #SUP: 11
4 5 6 6 -1 #SUP: 8
4 5 6 1 -1 #SUP: 11
4 5 1 -1 #SUP: 16
4 7 -1 #SUP: 17
4 7 7 -1 #SUP: 11
4 7 0 -1 #SUP: 11
4 7 2 -1 #SUP: 10
4 7 1 -1 #SUP: 10
4 0 -1 #SUP: 17
4 2 -1 #SUP: 17
4 4 -1 #SUP: 15
4 6 -1 #SUP: 15
4 6 3 -1 #SUP: 8
4 6 7 -1 #SUP: 12
4 6 7 7 -1 #SUP: 7
4 6 7 0 -1 #SUP: 7
4 6 7 2 -1 #SUP: 7
4 6 0 -1 #SUP: 12
4 6 2 -1 #SUP: 12
4 6 6 -1 #SUP: 9
4 6 1 -1 #SUP: 12
4 1 -1 #SUP: 18
5 -1 #SUP: 34
5 3 -1 #SUP: 17
5 5 -1 #SUP: 24
5 7 -1 #SUP: 27
5 7 3 -1 #SUP: 9
5 7 7 -1 #SUP: 17
5 7 0 -1 #SUP: 16
5 7 2 -1 #SUP: 15
5 7 1 -1 #SUP: 15
5 0 -1 #SUP: 26
5 2 -1 #SUP: 27
5 4 -1 #SUP: 12
5 6 -1 #SUP: 25
5 6 3 -1 #SUP: 12
5 6 5 -1 #SUP: 7
5 6 7 -1 #SUP: 19
5 6 7 7 -1 #SUP: 11
5 6 7 0 -1 #SUP: 10
5 6 7 2 -1 #SUP: 10
5 6 7 1 -1 #SUP: 9
5 6 0 -1 #SUP: 18
5 6 2 -1 #SUP: 20
5 6 6 -1 #SUP: 15
5 6 1 -1 #SUP: 20
5 1 -1 #SUP: 28
6 -1 #SUP: 32
6 3 -1 #SUP: 13
6 5 -1 #SUP: 8
6 7 -1 #SUP: 21
6 7 7 -1 #SUP: 13
6 7 0 -1 #SUP: 11
6 7 2 -1 #SUP: 12
6 7 1 -1 #SUP: 11
6 0 -1 #SUP: 19
6 2 -1 #SUP: 22
6 6 -1 #SUP: 17
6 1 -1 #SUP: 22
7 -1 #SUP: 34
7 3 -1 #SUP: 12
7 7 -1 #SUP: 21
7 0 -1 #SUP: 17
7 2 -1 #SUP: 19
7 6 -1 #SUP: 8
7 1 -1 #SUP: 19
