0 -1 #SUP: 5421
1 -1 #SUP: 5918
2 -1 #SUP: 5765
2 3 -1 #SUP: 1094
2 2 -1 #SUP: 1255
2 1 -1 #SUP: 1161
3 -1 #SUP: 5876
3 3 -1 #SUP: 4275
3 5 -1 #SUP: 4509
3 5 3 -1 #SUP: 2408
3 5 5 -1 #SUP: 3512
3 5 7 -1 #SUP: 4025
3 5 7 3 -1 #SUP: 1652
3 5 7 7 -1 #SUP: 2345
3 5 7 0 -1 #SUP: 2207
3 5 7 2 -1 #SUP: 2352
3 5 7 6 -1 #SUP: 1066
3 5 7 1 -1 #SUP: 2549
3 5 0 -1 #SUP: 3582
3 5 2 -1 #SUP: 3929
3 5 4 -1 #SUP: 1775
3 5 6 -1 #SUP: 3666
3 5 6 3 -1 #SUP: 1706
3 5 6 5 -1 #SUP: 1129
3 5 6 7 -1 #SUP: 2662
3 5 6 7 3 -1 #SUP: 1241
3 5 6 7 7 -1 #SUP: 1642
3 5 6 7 0 -1 #SUP: 1531
3 5 6 7 2 -1 #SUP: 1683
3 5 6 7 1 -1 #SUP: 1726
3 5 6 0 -1 #SUP: 2374
3 5 6 2 -1 #SUP: 2674
3 5 6 6 -1 #SUP: 1948
3 5 6 1 -1 #SUP: 2697
3 5 1 -1 #SUP: 4091
3 7 -1 #SUP: 4740
3 7 3 -1 #SUP: 1893
3 7 7 -1 #SUP: 2627
3 7 0 -1 #SUP: 2406
3 7 2 -1 #SUP: 2646
3 7 6 -1 #SUP: 1245
3 7 1 -1 #SUP: 2859
3 0 -1 #SUP: 4293
3 2 -1 #SUP: 4874
3 4 -1 #SUP: 4029
3 4 3 -1 #SUP: 1914
3 4 5 -1 #SUP: 2585
3 4 5 3 -1 #SUP: 1444
3 4 5 5 -1 #SUP: 2065
3 4 5 7 -1 #SUP: 2314
3 4 5 7 7 -1 #SUP: 1398
3 4 5 7 0 -1 #SUP: 1357
3 4 5 7 2 -1 #SUP: 1392
3 4 5 7 1 -1 #SUP: 1464
3 4 5 0 -1 #SUP: 2150
3 4 5 2 -1 #SUP: 2283
3 4 5 6 -1 #SUP: 2184
3 4 5 6 3 -1 #SUP: 1142
3 4 5 6 7 -1 #SUP: 1781
3 4 5 6 7 7 -1 #SUP: 1093
3 4 5 6 7 2 -1 #SUP: 1118
3 4 5 6 7 1 -1 #SUP: 1144
3 4 5 6 0 -1 #SUP: 1626
3 4 5 6 2 -1 #SUP: 1776
3 4 5 6 6 -1 #SUP: 1280
3 4 5 6 1 -1 #SUP: 1786
3 4 5 1 -1 #SUP: 2326
3 4 7 -1 #SUP: 2626
3 4 7 3 -1 #SUP: 1120
3 4 7 7 -1 #SUP: 1494
3 4 7 0 -1 #SUP: 1435
3 4 7 2 -1 #SUP: 1492
3 4 7 1 -1 #SUP: 1573
3 4 0 -1 #SUP: 2460
3 4 2 -1 #SUP: 2619
3 4 4 -1 #SUP: 1763
3 4 6 -1 #SUP: 2588
3 4 6 3 -1 #SUP: 1342
3 4 6 7 -1 #SUP: 1993
3 4 6 7 7 -1 #SUP: 1137
3 4 6 7 0 -1 #SUP: 1103
3 4 6 7 2 -1 #SUP: 1168
3 4 6 7 1 -1 #SUP: 1195
3 4 6 0 -1 #SUP: 1823
3 4 6 2 -1 #SUP: 1990
3 4 6 6 -1 #SUP: 1477
3 4 6 1 -1 #SUP: 1999
3 4 1 -1 #SUP: 2657
3 6 -1 #SUP: 4585
3 6 3 -1 #SUP: 2085
3 6 5 -1 #SUP: 1310
3 6 7 -1 #SUP: 3060
3 6 7 3 -1 #SUP: 1312
3 6 7 7 -1 #SUP: 1717
3 6 7 0 -1 #SUP: 1590
3 6 7 2 -1 #SUP: 1770
3 6 7 1 -1 #SUP: 1815
3 6 0 -1 #SUP: 2722
3 6 2 -1 #SUP: 3077
3 6 6 -1 #SUP: 2207
3 6 1 -1 #SUP: 3098
3 1 -1 #SUP: 4852
4 -1 #SUP: 5458
4 3 -1 #SUP: 2119
4 5 -1 #SUP: 2836
4 5 3 -1 #SUP: 1622
4 5 5 -1 #SUP: 2292
4 5 7 -1 #SUP: 2534
4 5 7 3 -1 #SUP: 1070
4 5 7 7 -1 #SUP: 1445
4 5 7 0 -1 #SUP: 1408
4 5 7 2 -1 #SUP: 1459
4 5 7 1 -1 #SUP: 1536
4 5 0 -1 #SUP: 2362
4 5 2 -1 #SUP: 2515
4 5 4 -1 #SUP: 1142
4 5 6 -1 #SUP: 2413
4 5 6 3 -1 #SUP: 1176
4 5 6 7 -1 #SUP: 1845
4 5 6 7 7 -1 #SUP: 1125
4 5 6 7 0 -1 #SUP: 1101
4 5 6 7 2 -1 #SUP: 1169
4 5 6 7 1 -1 #SUP: 1197
4 5 6 0 -1 #SUP: 1685
4 5 6 2 -1 #SUP: 1851
4 5 6 6 -1 #SUP: 1324
4 5 6 1 -1 #SUP: 1863
4 5 1 -1 #SUP: 2563
4 7 -1 #SUP: 2861
4 7 3 -1 #SUP: 1159
4 7 7 -1 #SUP: 1546
4 7 0 -1 #SUP: 1492
4 7 2 -1 #SUP: 1565
4 7 1 -1 #SUP: 1650
4 0 -1 #SUP: 2686
4 2 -1 #SUP: 2871
4 4 -1 #SUP: 1974
4 6 -1 #SUP: 2836
4 6 3 -1 #SUP: 1383
4 6 7 -1 #SUP: 2065
4 6 7 7 -1 #SUP: 1172
4 6 7 0 -1 #SUP: 1143
4 6 7 2 -1 #SUP: 1223
4 6 7 1 -1 #SUP: 1251
4 6 0 -1 #SUP: 1890
4 6 2 -1 #SUP: 2073
4 6 6 -1 #SUP: 1529
4 6 1 -1 #SUP: 2083
4 1 -1 #SUP: 2913
5 -1 #SUP: 5917
5 3 -1 #SUP: 2609
5 5 -1 #SUP: 3771
5 7 -1 #SUP: 4287
5 7 3 -1 #SUP: 1691
5 7 7 -1 #SUP: 2403
5 7 0 -1 #SUP: 2268
5 7 2 -1 #SUP: 2431
5 7 6 -1 #SUP: 1085
5 7 1 -1 #SUP: 2634
5 0 -1 #SUP: 3826
5 2 -1 #SUP: 4206
5 4 -1 #SUP: 1964
5 6 -1 #SUP: 3923
5 6 3 -1 #SUP: 1749
5 6 5 -1 #SUP: 1173
5 6 7 -1 #SUP: 2740
5 6 7 3 -1 #SUP: 1273
5 6 7 7 -1 #SUP: 1682
5 6 7 0 -1 #SUP: 1574
5 6 7 2 -1 #SUP: 1744
5 6 7 1 -1 #SUP: 1789
5 6 0 -1 #SUP: 2445
5 6 2 -1 #SUP: 2765
5 6 6 -1 #SUP: 2001
5 6 1 -1 #SUP: 2790
5 1 -1 #SUP: 4376
6 -1 #SUP: 5759
6 3 -1 #SUP: 2272
6 5 -1 #SUP: 1495
6 7 -1 #SUP: 3324
6 7 3 -1 #SUP: 1418
6 7 7 -1 #SUP: 1834
6 7 0 -1 #SUP: 1688
6 7 2 -1 #SUP: 1928
6 7 1 -1 #SUP: 1975
6 0 -1 #SUP: 2902
6 2 -1 #SUP: 3447
6 6 -1 #SUP: 2462
6 1 -1 #SUP: 3471
7 -1 #SUP: 5877
7 3 -1 #SUP: 2190
7 7 -1 #SUP: 2966
7 0 -1 #SUP: 2660
7 2 -1 #SUP: 3061
7 6 -1 #SUP: 1401
7 1 -1 #SUP: 3290
