0 -1 #SUP: 456
1 -1 #SUP: 480
2 -1 #SUP: 473
2 3 -1 #SUP: 92
2 2 -1 #SUP: 99
3 -1 #SUP: 467
3 3 -1 #SUP: 332
3 5 -1 #SUP: 345
3 5 3 -1 #SUP: 188
3 5 5 -1 #SUP: 249
3 5 7 -1 #SUP: 296
3 5 7 3 -1 #SUP: 116
3 5 7 7 -1 #SUP: 165
3 5 7 0 -1 #SUP: 167
3 5 7 2 -1 #SUP: 172
3 5 7 6 -1 #SUP: 89
3 5 7 1 -1 #SUP: 179
3 5 0 -1 #SUP: 286
3 5 2 -1 #SUP: 306
3 5 4 -1 #SUP: 130
3 5 6 -1 #SUP: 276
3 5 6 3 -1 #SUP: 131
3 5 6 5 -1 #SUP: 97
3 5 6 7 -1 #SUP: 205
3 5 6 7 3 -1 #SUP: 89
3 5 6 7 7 -1 #SUP: 126
3 5 6 7 0 -1 #SUP: 128
3 5 6 7 2 -1 #SUP: 134
3 5 6 7 1 -1 #SUP: 139
3 5 6 0 -1 #SUP: 199
3 5 6 2 -1 #SUP: 210
3 5 6 6 -1 #SUP: 161
3 5 6 1 -1 #SUP: 212
3 5 1 -1 #SUP: 312
3 7 -1 #SUP: 344
3 7 3 -1 #SUP: 136
3 7 7 -1 #SUP: 190
3 7 0 -1 #SUP: 188
3 7 2 -1 #SUP: 199
3 7 6 -1 #SUP: 102
3 7 1 -1 #SUP: 207
3 0 -1 #SUP: 333
3 2 -1 #SUP: 389
3 4 -1 #SUP: 322
3 4 3 -1 #SUP: 155
3 4 5 -1 #SUP: 214
3 4 5 3 -1 #SUP: 121
3 4 5 5 -1 #SUP: 161
3 4 5 7 -1 #SUP: 200
3 4 5 7 3 -1 #SUP: 88
3 4 5 7 7 -1 #SUP: 120
3 4 5 7 0 -1 #SUP: 123
3 4 5 7 2 -1 #SUP: 122
3 4 5 7 1 -1 #SUP: 129
3 4 5 0 -1 #SUP: 200
3 4 5 2 -1 #SUP: 196
3 4 5 6 -1 #SUP: 185
3 4 5 6 3 -1 #SUP: 93
3 4 5 6 7 -1 #SUP: 139
3 4 5 6 7 7 -1 #SUP: 91
3 4 5 6 7 0 -1 #SUP: 95
3 4 5 6 7 2 -1 #SUP: 95
3 4 5 6 7 1 -1 #SUP: 100
3 4 5 6 0 -1 #SUP: 139
3 4 5 6 2 -1 #SUP: 139
3 4 5 6 6 -1 #SUP: 106
3 4 5 6 1 -1 #SUP: 143
3 4 5 1 -1 #SUP: 204
3 4 7 -1 #SUP: 218
3 4 7 3 -1 #SUP: 94
3 4 7 7 -1 #SUP: 129
3 4 7 0 -1 #SUP: 131
3 4 7 2 -1 #SUP: 131
3 4 7 1 -1 #SUP: 139
3 4 0 -1 #SUP: 217
3 4 2 -1 #SUP: 217
3 4 4 -1 #SUP: 159
3 4 6 -1 #SUP: 217
3 4 6 3 -1 #SUP: 102
3 4 6 7 -1 #SUP: 145
3 4 6 7 7 -1 #SUP: 95
3 4 6 7 0 -1 #SUP: 99
3 4 6 7 2 -1 #SUP: 99
3 4 6 7 1 -1 #SUP: 104
3 4 6 0 -1 #SUP: 147
3 4 6 2 -1 #SUP: 148
3 4 6 6 -1 #SUP: 113
3 4 6 1 -1 #SUP: 152
3 4 1 -1 #SUP: 225
3 6 -1 #SUP: 353
3 6 3 -1 #SUP: 146
3 6 5 -1 #SUP: 106
3 6 7 -1 #SUP: 224
3 6 7 3 -1 #SUP: 96
3 6 7 7 -1 #SUP: 135
3 6 7 0 -1 #SUP: 135
3 6 7 2 -1 #SUP: 144
3 6 7 1 -1 #SUP: 149
3 6 0 -1 #SUP: 216
3 6 2 -1 #SUP: 233
3 6 6 -1 #SUP: 176
3 6 1 -1 #SUP: 234
3 1 -1 #SUP: 367
4 -1 #SUP: 459
4 3 -1 #SUP: 171
4 5 -1 #SUP: 242
4 5 3 -1 #SUP: 132
4 5 5 -1 #SUP: 184
4 5 7 -1 #SUP: 224
4 5 7 3 -1 #SUP: 96
4 5 7 7 -1 #SUP: 131
4 5 7 0 -1 #SUP: 138
4 5 7 2 -1 #SUP: 138
4 5 7 1 -1 #SUP: 145
4 5 0 -1 #SUP: 224
4 5 2 -1 #SUP: 224
4 5 6 -1 #SUP: 212
4 5 6 3 -1 #SUP: 101
4 5 6 7 -1 #SUP: 154
4 5 6 7 7 -1 #SUP: 97
4 5 6 7 0 -1 #SUP: 104
4 5 6 7 2 -1 #SUP: 105
4 5 6 7 1 -1 #SUP: 110
4 5 6 0 -1 #SUP: 155
4 5 6 2 -1 #SUP: 159
4 5 6 6 -1 #SUP: 114
4 5 6 1 -1 #SUP: 163
4 5 1 -1 #SUP: 232
4 7 -1 #SUP: 243
4 7 3 -1 #SUP: 102
4 7 7 -1 #SUP: 140
4 7 0 -1 #SUP: 146
4 7 2 -1 #SUP: 147
4 7 1 -1 #SUP: 155
4 0 -1 #SUP: 242
4 2 -1 #SUP: 246
4 4 -1 #SUP: 178
4 6 -1 #SUP: 246
4 6 3 -1 #SUP: 110
4 6 7 -1 #SUP: 160
4 6 7 7 -1 #SUP: 101
4 6 7 0 -1 #SUP: 108
4 6 7 2 -1 #SUP: 109
4 6 7 1 -1 #SUP: 114
4 6 0 -1 #SUP: 163
4 6 2 -1 #SUP: 168
4 6 6 -1 #SUP: 121
4 6 1 -1 #SUP: 172
4 1 -1 #SUP: 254
5 -1 #SUP: 480
5 3 -1 #SUP: 203
5 5 -1 #SUP: 278
5 7 -1 #SUP: 325
5 7 3 -1 #SUP: 124
5 7 7 -1 #SUP: 178
5 7 0 -1 #SUP: 184
5 7 2 -1 #SUP: 190
5 7 6 -1 #SUP: 95
5 7 1 -1 #SUP: 197
5 0 -1 #SUP: 313
5 2 -1 #SUP: 341
5 4 -1 #SUP: 141
5 6 -1 #SUP: 308
5 6 3 -1 #SUP: 140
5 6 5 -1 #SUP: 108
5 6 7 -1 #SUP: 222
5 6 7 3 -1 #SUP: 94
5 6 7 7 -1 #SUP: 133
5 6 7 0 -1 #SUP: 138
5 6 7 2 -1 #SUP: 145
5 6 7 1 -1 #SUP: 150
5 6 0 -1 #SUP: 216
5 6 2 -1 #SUP: 233
5 6 6 -1 #SUP: 171
5 6 1 -1 #SUP: 235
5 1 -1 #SUP: 347
6 -1 #SUP: 477
6 3 -1 #SUP: 168
6 5 -1 #SUP: 120
6 7 -1 #SUP: 255
6 7 3 -1 #SUP: 109
6 7 7 -1 #SUP: 149
6 7 0 -1 #SUP: 150
6 7 2 -1 #SUP: 163
6 7 1 -1 #SUP: 167
6 0 -1 #SUP: 243
6 2 -1 #SUP: 271
6 6 -1 #SUP: 193
6 1 -1 #SUP: 271
7 -1 #SUP: 465
7 3 -1 #SUP: 170
7 7 -1 #SUP: 230
7 0 -1 #SUP: 224
7 2 -1 #SUP: 248
7 6 -1 #SUP: 120
7 1 -1 #SUP: 250
