0 -1 #SUP: 4061
1 -1 #SUP: 4432
2 -1 #SUP: 4343
2 3 -1 #SUP: 830
2 0 -1 #SUP: 800
2 2 -1 #SUP: 975
2 1 -1 #SUP: 891
3 -1 #SUP: 4382
3 3 -1 #SUP: 3083
3 5 -1 #SUP: 3251
3 5 3 -1 #SUP: 1744
3 5 5 -1 #SUP: 2596
3 5 7 -1 #SUP: 2936
3 5 7 3 -1 #SUP: 1142
3 5 7 7 -1 #SUP: 1621
3 5 7 0 -1 #SUP: 1531
3 5 7 2 -1 #SUP: 1635
3 5 7 1 -1 #SUP: 1746
3 5 0 -1 #SUP: 2614
3 5 2 -1 #SUP: 2902
3 5 4 -1 #SUP: 1260
3 5 6 -1 #SUP: 2732
3 5 6 3 -1 #SUP: 1277
3 5 6 7 -1 #SUP: 2034
3 5 6 7 3 -1 #SUP: 887
3 5 6 7 7 -1 #SUP: 1159
3 5 6 7 0 -1 #SUP: 1086
3 5 6 7 2 -1 #SUP: 1192
3 5 6 7 1 -1 #SUP: 1222
3 5 6 0 -1 #SUP: 1784
3 5 6 2 -1 #SUP: 2056
3 5 6 6 -1 #SUP: 1432
3 5 6 1 -1 #SUP: 2067
3 5 1 -1 #SUP: 2993
3 7 -1 #SUP: 3422
3 7 3 -1 #SUP: 1297
3 7 7 -1 #SUP: 1813
3 7 0 -1 #SUP: 1673
3 7 2 -1 #SUP: 1836
3 7 1 -1 #SUP: 1960
3 0 -1 #SUP: 3103
3 2 -1 #SUP: 3588
3 4 -1 #SUP: 2954
3 4 3 -1 #SUP: 1386
3 4 5 -1 #SUP: 1954
3 4 5 3 -1 #SUP: 1082
3 4 5 5 -1 #SUP: 1606
3 4 5 7 -1 #SUP: 1794
3 4 5 7 7 -1 #SUP: 989
3 4 5 7 0 -1 #SUP: 970
3 4 5 7 2 -1 #SUP: 984
3 4 5 7 1 -1 #SUP: 1023
3 4 5 0 -1 #SUP: 1638
3 4 5 2 -1 #SUP: 1779
3 4 5 6 -1 #SUP: 1706
3 4 5 6 3 -1 #SUP: 890
3 4 5 6 7 -1 #SUP: 1443
3 4 5 6 7 7 -1 #SUP: 818
3 4 5 6 7 0 -1 #SUP: 802
3 4 5 6 7 2 -1 #SUP: 828
3 4 5 6 7 1 -1 #SUP: 848
3 4 5 6 0 -1 #SUP: 1296
3 4 5 6 2 -1 #SUP: 1441
3 4 5 6 6 -1 #SUP: 982
3 4 5 6 1 -1 #SUP: 1447
3 4 5 1 -1 #SUP: 1802
3 4 7 -1 #SUP: 1984
3 4 7 7 -1 #SUP: 1054
3 4 7 0 -1 #SUP: 1026
3 4 7 2 -1 #SUP: 1051
3 4 7 1 -1 #SUP: 1096
3 4 0 -1 #SUP: 1827
3 4 2 -1 #SUP: 1981
3 4 4 -1 #SUP: 1331
3 4 6 -1 #SUP: 1954
3 4 6 3 -1 #SUP: 1005
3 4 6 7 -1 #SUP: 1565
3 4 6 7 7 -1 #SUP: 851
3 4 6 7 0 -1 #SUP: 829
3 4 6 7 2 -1 #SUP: 862
3 4 6 7 1 -1 #SUP: 883
3 4 6 0 -1 #SUP: 1412
3 4 6 2 -1 #SUP: 1564
3 4 6 6 -1 #SUP: 1099
3 4 6 1 -1 #SUP: 1571
3 4 1 -1 #SUP: 1998
3 6 -1 #SUP: 3345
3 6 3 -1 #SUP: 1542
3 6 5 -1 #SUP: 895
3 6 7 -1 #SUP: 2311
3 6 7 3 -1 #SUP: 936
3 6 7 7 -1 #SUP: 1217
3 6 7 0 -1 #SUP: 1133
3 6 7 2 -1 #SUP: 1252
3 6 7 1 -1 #SUP: 1286
3 6 0 -1 #SUP: 2038
3 6 2 -1 #SUP: 2336
3 6 6 -1 #SUP: 1592
3 6 1 -1 #SUP: 2347
3 1 -1 #SUP: 3516
4 -1 #SUP: 4137
4 3 -1 #SUP: 1574
4 5 -1 #SUP: 2173
4 5 3 -1 #SUP: 1230
4 5 5 -1 #SUP: 1803
4 5 7 -1 #SUP: 1986
4 5 7 7 -1 #SUP: 1037
4 5 7 0 -1 #SUP: 1028
4 5 7 2 -1 #SUP: 1052
4 5 7 1 -1 #SUP: 1092
4 5 0 -1 #SUP: 1835
4 5 2 -1 #SUP: 1986
4 5 4 -1 #SUP: 868
4 5 6 -1 #SUP: 1911
4 5 6 3 -1 #SUP: 925
4 5 6 7 -1 #SUP: 1513
4 5 6 7 7 -1 #SUP: 855
4 5 6 7 0 -1 #SUP: 849
4 5 6 7 2 -1 #SUP: 885
4 5 6 7 1 -1 #SUP: 905
4 5 6 0 -1 #SUP: 1365
4 5 6 2 -1 #SUP: 1523
4 5 6 6 -1 #SUP: 1034
4 5 6 1 -1 #SUP: 1530
4 5 1 -1 #SUP: 2012
4 7 -1 #SUP: 2194
4 7 3 -1 #SUP: 831
4 7 7 -1 #SUP: 1106
4 7 0 -1 #SUP: 1086
4 7 2 -1 #SUP: 1125
4 7 1 -1 #SUP: 1170
4 0 -1 #SUP: 2040
4 2 -1 #SUP: 2210
4 4 -1 #SUP: 1523
4 6 -1 #SUP: 2178
4 6 3 -1 #SUP: 1047
4 6 7 -1 #SUP: 1642
4 6 7 7 -1 #SUP: 890
4 6 7 0 -1 #SUP: 876
4 6 7 2 -1 #SUP: 922
4 6 7 1 -1 #SUP: 943
4 6 0 -1 #SUP: 1486
4 6 2 -1 #SUP: 1653
4 6 6 -1 #SUP: 1156
4 6 1 -1 #SUP: 1661
4 1 -1 #SUP: 2229
5 -1 #SUP: 4433
5 3 -1 #SUP: 1923
5 5 -1 #SUP: 2834
5 7 -1 #SUP: 3176
5 7 3 -1 #SUP: 1187
5 7 7 -1 #SUP: 1685
5 7 0 -1 #SUP: 1607
5 7 2 -1 #SUP: 1725
5 7 1 -1 #SUP: 1838
5 0 -1 #SUP: 2856
5 2 -1 #SUP: 3163
5 4 -1 #SUP: 1433
5 6 -1 #SUP: 2979
5 6 3 -1 #SUP: 1324
5 6 5 -1 #SUP: 832
5 6 7 -1 #SUP: 2130
5 6 7 3 -1 #SUP: 920
5 6 7 7 -1 #SUP: 1209
5 6 7 0 -1 #SUP: 1147
5 6 7 2 -1 #SUP: 1266
5 6 7 1 -1 #SUP: 1297
5 6 0 -1 #SUP: 1877
5 6 2 -1 #SUP: 2166
5 6 6 -1 #SUP: 1504
5 6 1 -1 #SUP: 2179
5 1 -1 #SUP: 3259
6 -1 #SUP: 4340
6 3 -1 #SUP: 1703
6 5 -1 #SUP: 1080
6 7 -1 #SUP: 2540
6 7 3 -1 #SUP: 1020
6 7 7 -1 #SUP: 1311
6 7 0 -1 #SUP: 1226
6 7 2 -1 #SUP: 1387
6 7 1 -1 #SUP: 1421
6 0 -1 #SUP: 2212
6 2 -1 #SUP: 2680
6 6 -1 #SUP: 1841
6 1 -1 #SUP: 2688
7 -1 #SUP: 4380
7 3 -1 #SUP: 1539
7 7 -1 #SUP: 2076
7 0 -1 #SUP: 1899
7 2 -1 #SUP: 2175
7 6 -1 #SUP: 913
7 1 -1 #SUP: 2300
