0 -1 #SUP: 1315
1 -1 #SUP: 1396
1 2 -1 #SUP: 261
1 1 -1 #SUP: 258
2 -1 #SUP: 1379
2 3 -1 #SUP: 257
2 2 -1 #SUP: 293
3 -1 #SUP: 1359
3 3 -1 #SUP: 899
3 5 -1 #SUP: 954
3 5 3 -1 #SUP: 504
3 5 5 -1 #SUP: 748
3 5 7 -1 #SUP: 840
3 5 7 3 -1 #SUP: 321
3 5 7 7 -1 #SUP: 468
3 5 7 0 -1 #SUP: 460
3 5 7 2 -1 #SUP: 496
3 5 7 1 -1 #SUP: 513
3 5 0 -1 #SUP: 810
3 5 2 -1 #SUP: 860
3 5 4 -1 #SUP: 404
3 5 6 -1 #SUP: 807
3 5 6 3 -1 #SUP: 378
3 5 6 5 -1 #SUP: 285
3 5 6 7 -1 #SUP: 627
3 5 6 7 3 -1 #SUP: 265
3 5 6 7 7 -1 #SUP: 385
3 5 6 7 0 -1 #SUP: 379
3 5 6 7 2 -1 #SUP: 414
3 5 6 7 1 -1 #SUP: 421
3 5 6 0 -1 #SUP: 600
3 5 6 2 -1 #SUP: 644
3 5 6 6 -1 #SUP: 450
3 5 6 1 -1 #SUP: 654
3 5 1 -1 #SUP: 881
3 7 -1 #SUP: 965
3 7 3 -1 #SUP: 376
3 7 7 -1 #SUP: 537
3 7 0 -1 #SUP: 510
3 7 2 -1 #SUP: 568
3 7 1 -1 #SUP: 585
3 0 -1 #SUP: 935
3 2 -1 #SUP: 1092
3 4 -1 #SUP: 893
3 4 3 -1 #SUP: 440
3 4 5 -1 #SUP: 602
3 4 5 3 -1 #SUP: 339
3 4 5 5 -1 #SUP: 498
3 4 5 7 -1 #SUP: 561
3 4 5 7 7 -1 #SUP: 346
3 4 5 7 0 -1 #SUP: 335
3 4 5 7 2 -1 #SUP: 358
3 4 5 7 1 -1 #SUP: 368
3 4 5 0 -1 #SUP: 548
3 4 5 2 -1 #SUP: 562
3 4 5 4 -1 #SUP: 266
3 4 5 6 -1 #SUP: 545
3 4 5 6 3 -1 #SUP: 267
3 4 5 6 7 -1 #SUP: 444
3 4 5 6 7 7 -1 #SUP: 294
3 4 5 6 7 0 -1 #SUP: 285
3 4 5 6 7 2 -1 #SUP: 307
3 4 5 6 7 1 -1 #SUP: 312
3 4 5 6 0 -1 #SUP: 431
3 4 5 6 2 -1 #SUP: 446
3 4 5 6 6 -1 #SUP: 326
3 4 5 6 1 -1 #SUP: 455
3 4 5 1 -1 #SUP: 576
3 4 7 -1 #SUP: 610
3 4 7 7 -1 #SUP: 370
3 4 7 0 -1 #SUP: 357
3 4 7 2 -1 #SUP: 381
3 4 7 1 -1 #SUP: 393
3 4 0 -1 #SUP: 595
3 4 2 -1 #SUP: 623
3 4 4 -1 #SUP: 458
3 4 6 -1 #SUP: 615
3 4 6 3 -1 #SUP: 285
3 4 6 7 -1 #SUP: 470
3 4 6 7 7 -1 #SUP: 307
3 4 6 7 0 -1 #SUP: 296
3 4 6 7 2 -1 #SUP: 320
3 4 6 7 1 -1 #SUP: 326
3 4 6 0 -1 #SUP: 453
3 4 6 2 -1 #SUP: 472
3 4 6 6 -1 #SUP: 345
3 4 6 1 -1 #SUP: 481
3 4 1 -1 #SUP: 634
3 6 -1 #SUP: 977
3 6 3 -1 #SUP: 412
3 6 5 -1 #SUP: 300
3 6 7 -1 #SUP: 674
3 6 7 3 -1 #SUP: 282
3 6 7 7 -1 #SUP: 406
3 6 7 0 -1 #SUP: 395
3 6 7 2 -1 #SUP: 436
3 6 7 1 -1 #SUP: 444
3 6 0 -1 #SUP: 638
3 6 2 -1 #SUP: 691
3 6 6 -1 #SUP: 482
3 6 1 -1 #SUP: 701
3 1 -1 #SUP: 1032
4 -1 #SUP: 1325
4 3 -1 #SUP: 494
4 5 -1 #SUP: 686
4 5 3 -1 #SUP: 383
4 5 5 -1 #SUP: 569
4 5 7 -1 #SUP: 625
4 5 7 3 -1 #SUP: 263
4 5 7 7 -1 #SUP: 383
4 5 7 0 -1 #SUP: 373
4 5 7 2 -1 #SUP: 405
4 5 7 1 -1 #SUP: 417
4 5 0 -1 #SUP: 611
4 5 2 -1 #SUP: 640
4 5 4 -1 #SUP: 297
4 5 6 -1 #SUP: 615
4 5 6 3 -1 #SUP: 295
4 5 6 7 -1 #SUP: 484
4 5 6 7 7 -1 #SUP: 318
4 5 6 7 0 -1 #SUP: 310
4 5 6 7 2 -1 #SUP: 338
4 5 6 7 1 -1 #SUP: 344
4 5 6 0 -1 #SUP: 473
4 5 6 2 -1 #SUP: 497
4 5 6 6 -1 #SUP: 352
4 5 6 1 -1 #SUP: 507
4 5 1 -1 #SUP: 656
4 7 -1 #SUP: 684
4 7 3 -1 #SUP: 280
4 7 7 -1 #SUP: 408
4 7 0 -1 #SUP: 397
4 7 2 -1 #SUP: 430
4 7 1 -1 #SUP: 444
4 0 -1 #SUP: 664
4 2 -1 #SUP: 708
4 4 -1 #SUP: 520
4 6 -1 #SUP: 691
4 6 3 -1 #SUP: 314
4 6 7 -1 #SUP: 511
4 6 7 7 -1 #SUP: 331
4 6 7 0 -1 #SUP: 322
4 6 7 2 -1 #SUP: 352
4 6 7 1 -1 #SUP: 359
4 6 0 -1 #SUP: 496
4 6 2 -1 #SUP: 524
4 6 6 -1 #SUP: 372
4 6 1 -1 #SUP: 534
4 1 -1 #SUP: 721
5 -1 #SUP: 1396
5 3 -1 #SUP: 564
5 5 -1 #SUP: 841
5 7 -1 #SUP: 927
5 7 3 -1 #SUP: 354
5 7 7 -1 #SUP: 511
5 7 0 -1 #SUP: 503
5 7 2 -1 #SUP: 553
5 7 1 -1 #SUP: 571
5 0 -1 #SUP: 896
5 2 -1 #SUP: 966
5 4 -1 #SUP: 451
5 6 -1 #SUP: 903
5 6 3 -1 #SUP: 412
5 6 5 -1 #SUP: 317
5 6 7 -1 #SUP: 678
5 6 7 3 -1 #SUP: 286
5 6 7 7 -1 #SUP: 412
5 6 7 0 -1 #SUP: 408
5 6 7 2 -1 #SUP: 451
5 6 7 1 -1 #SUP: 459
5 6 0 -1 #SUP: 653
5 6 2 -1 #SUP: 713
5 6 6 -1 #SUP: 485
5 6 1 -1 #SUP: 724
5 1 -1 #SUP: 990
6 -1 #SUP: 1378
6 3 -1 #SUP: 492
6 5 -1 #SUP: 346
6 7 -1 #SUP: 777
6 7 3 -1 #SUP: 329
6 7 7 -1 #SUP: 447
6 7 0 -1 #SUP: 442
6 7 2 -1 #SUP: 503
6 7 1 -1 #SUP: 510
6 0 -1 #SUP: 726
6 2 -1 #SUP: 816
6 6 -1 #SUP: 546
6 1 -1 #SUP: 825
7 -1 #SUP: 1352
7 3 -1 #SUP: 507
7 7 -1 #SUP: 665
7 0 -1 #SUP: 630
7 2 -1 #SUP: 746
7 6 -1 #SUP: 299
7 1 -1 #SUP: 759
