3 3 4 5 5 5 5 6 6 7 1 1 1 1 2 -1 #SUP: 5350
3 3 4 5 5 5 5 6 6 7 7 1 1 1 1 -1 #SUP: 5353
3 3 4 5 5 5 5 6 6 7 7 1 1 1 2 -1 #SUP: 5362
3 3 4 5 5 5 5 6 6 7 7 7 1 1 1 -1 #SUP: 5346
3 3 4 5 5 5 5 6 6 7 7 7 1 1 2 -1 #SUP: 5346
3 3 4 5 5 5 5 6 7 7 1 1 1 1 2 -1 #SUP: 5361
3 3 4 5 5 5 5 6 7 7 7 1 1 1 1 -1 #SUP: 5351
3 3 4 5 5 5 5 6 7 7 7 1 1 1 2 -1 #SUP: 5361
3 3 4 5 5 5 5 7 7 7 1 1 1 1 2 -1 #SUP: 5346
3 3 4 5 5 5 6 6 7 7 1 1 1 1 2 -1 #SUP: 5373
3 3 4 5 5 5 6 6 7 7 1 1 1 2 2 -1 #SUP: 5358
3 3 4 5 5 5 6 6 7 7 7 1 1 1 1 -1 #SUP: 5361
3 3 4 5 5 5 6 6 7 7 7 1 1 1 2 -1 #SUP: 5371
3 3 4 5 5 5 6 7 7 1 1 1 1 2 2 -1 #SUP: 5351
3 3 4 5 5 5 6 7 7 7 1 1 1 1 2 -1 #SUP: 5372
3 3 4 5 5 5 6 7 7 7 1 1 1 2 2 -1 #SUP: 5356
3 3 4 5 5 6 6 7 7 7 1 1 1 1 2 -1 #SUP: 5361
3 3 4 5 5 6 6 7 7 7 1 1 1 2 2 -1 #SUP: 5346
3 3 5 5 5 5 5 5 6 1 1 1 1 2 2 -1 #SUP: 5355
3 3 5 5 5 5 5 5 6 6 1 1 1 1 2 -1 #SUP: 5359
3 3 5 5 5 5 5 5 6 6 7 1 1 1 1 -1 #SUP: 5371
3 3 5 5 5 5 5 5 6 6 7 1 1 1 2 -1 #SUP: 5375
3 3 5 5 5 5 5 5 6 6 7 1 1 2 2 -1 #SUP: 5347
3 3 5 5 5 5 5 5 6 6 7 7 1 1 1 -1 #SUP: 5374
3 3 5 5 5 5 5 5 6 6 7 7 1 1 2 -1 #SUP: 5372
3 3 5 5 5 5 5 5 6 6 7 7 7 1 1 -1 #SUP: 5353
3 3 5 5 5 5 5 5 6 6 7 7 7 1 2 -1 #SUP: 5347
3 3 5 5 5 5 5 5 6 7 1 1 1 1 2 -1 #SUP: 5391
3 3 5 5 5 5 5 5 6 7 1 1 1 2 2 -1 #SUP: 5372
3 3 5 5 5 5 5 5 6 7 7 1 1 1 1 -1 #SUP: 5394
3 3 5 5 5 5 5 5 6 7 7 1 1 1 2 -1 #SUP: 5399
3 3 5 5 5 5 5 5 6 7 7 1 1 2 2 -1 #SUP: 5370
3 3 5 5 5 5 5 5 6 7 7 7 1 1 1 -1 #SUP: 5384
3 3 5 5 5 5 5 5 6 7 7 7 1 1 2 -1 #SUP: 5383
3 3 5 5 5 5 5 5 6 7 7 7 1 2 2 -1 #SUP: 5349
3 3 5 5 5 5 5 5 7 1 1 1 1 2 2 -1 #SUP: 5359
3 3 5 5 5 5 5 5 7 7 1 1 1 1 2 -1 #SUP: 5388
3 3 5 5 5 5 5 5 7 7 1 1 1 2 2 -1 #SUP: 5369
3 3 5 5 5 5 5 5 7 7 7 1 1 1 1 -1 #SUP: 5377
3 3 5 5 5 5 5 5 7 7 7 1 1 1 2 -1 #SUP: 5383
3 3 5 5 5 5 5 5 7 7 7 1 1 2 2 -1 #SUP: 5354
3 3 5 5 5 5 5 6 1 1 1 1 1 2 2 -1 #SUP: 5380
3 3 5 5 5 5 5 6 6 1 1 1 1 1 2 -1 #SUP: 5402
3 3 5 5 5 5 5 6 6 1 1 1 1 2 2 -1 #SUP: 5445
3 3 5 5 5 5 5 6 6 6 7 1 1 1 1 -1 #SUP: 5346
3 3 5 5 5 5 5 6 6 6 7 1 1 1 2 -1 #SUP: 5351
3 3 5 5 5 5 5 6 6 6 7 7 1 1 1 -1 #SUP: 5349
3 3 5 5 5 5 5 6 6 6 7 7 1 1 2 -1 #SUP: 5346
3 3 5 5 5 5 5 6 6 7 1 1 1 1 1 -1 #SUP: 5416
3 3 5 5 5 5 5 6 6 7 1 1 1 1 2 -1 #SUP: 5484
3 3 5 5 5 5 5 6 6 7 1 1 1 2 2 -1 #SUP: 5468
3 3 5 5 5 5 5 6 6 7 7 1 1 1 1 -1 #SUP: 5487
3 3 5 5 5 5 5 6 6 7 7 1 1 1 2 -1 #SUP: 5494
3 3 5 5 5 5 5 6 6 7 7 1 1 2 2 -1 #SUP: 5465
3 3 5 5 5 5 5 6 6 7 7 7 1 1 1 -1 #SUP: 5478
3 3 5 5 5 5 5 6 6 7 7 7 1 1 2 -1 #SUP: 5476
3 3 5 5 5 5 5 6 6 7 7 7 1 2 2 -1 #SUP: 5442
3 3 5 5 5 5 5 6 6 7 7 7 7 1 1 -1 #SUP: 5403
3 3 5 5 5 5 5 6 6 7 7 7 7 1 2 -1 #SUP: 5398
3 3 5 5 5 5 5 6 6 7 7 7 7 2 2 -1 #SUP: 5365
3 3 5 5 5 5 5 6 7 1 1 1 1 1 2 -1 #SUP: 5425
3 3 5 5 5 5 5 6 7 1 1 1 1 2 2 -1 #SUP: 5468
3 3 5 5 5 5 5 6 7 7 1 1 1 1 1 -1 #SUP: 5431
3 3 5 5 5 5 5 6 7 7 1 1 1 1 2 -1 #SUP: 5500
3 3 5 5 5 5 5 6 7 7 1 1 1 2 2 -1 #SUP: 5484
3 3 5 5 5 5 5 6 7 7 7 1 1 1 1 -1 #SUP: 5490
3 3 5 5 5 5 5 6 7 7 7 1 1 1 2 -1 #SUP: 5499
3 3 5 5 5 5 5 6 7 7 7 1 1 2 2 -1 #SUP: 5469
3 3 5 5 5 5 5 6 7 7 7 7 1 1 1 -1 #SUP: 5430
3 3 5 5 5 5 5 6 7 7 7 7 1 1 2 -1 #SUP: 5430
3 3 5 5 5 5 5 6 7 7 7 7 1 2 2 -1 #SUP: 5397
3 3 5 5 5 5 5 7 1 1 1 1 1 2 2 -1 #SUP: 5383
3 3 5 5 5 5 5 7 7 1 1 1 1 1 2 -1 #SUP: 5423
3 3 5 5 5 5 5 7 7 1 1 1 1 2 2 -1 #SUP: 5465
3 3 5 5 5 5 5 7 7 7 1 1 1 1 1 -1 #SUP: 5414
3 3 5 5 5 5 5 7 7 7 1 1 1 1 2 -1 #SUP: 5484
3 3 5 5 5 5 5 7 7 7 1 1 1 2 2 -1 #SUP: 5468
3 3 5 5 5 5 5 7 7 7 7 1 1 1 1 -1 #SUP: 5422
3 3 5 5 5 5 5 7 7 7 7 1 1 1 2 -1 #SUP: 5432
3 3 5 5 5 5 5 7 7 7 7 1 1 2 2 -1 #SUP: 5404
3 3 5 5 5 5 6 6 1 1 1 1 1 2 2 -1 #SUP: 5396
3 3 5 5 5 5 6 6 6 1 1 1 1 2 2 -1 #SUP: 5369
3 3 5 5 5 5 6 6 6 7 1 1 1 1 2 -1 #SUP: 5400
3 3 5 5 5 5 6 6 6 7 1 1 1 2 2 -1 #SUP: 5391
3 3 5 5 5 5 6 6 6 7 7 1 1 1 1 -1 #SUP: 5402
3 3 5 5 5 5 6 6 6 7 7 1 1 1 2 -1 #SUP: 5409
3 3 5 5 5 5 6 6 6 7 7 1 1 2 2 -1 #SUP: 5388
3 3 5 5 5 5 6 6 6 7 7 7 1 1 1 -1 #SUP: 5386
3 3 5 5 5 5 6 6 6 7 7 7 1 1 2 -1 #SUP: 5385
3 3 5 5 5 5 6 6 6 7 7 7 1 2 2 -1 #SUP: 5358
3 3 5 5 5 5 6 6 7 1 1 1 1 1 2 -1 #SUP: 5443
3 3 5 5 5 5 6 6 7 1 1 1 1 2 2 -1 #SUP: 5495
3 3 5 5 5 5 6 6 7 1 1 1 2 2 2 -1 #SUP: 5368
3 3 5 5 5 5 6 6 7 7 1 1 1 1 1 -1 #SUP: 5449
3 3 5 5 5 5 6 6 7 7 1 1 1 1 2 -1 #SUP: 5525
3 3 5 5 5 5 6 6 7 7 1 1 1 2 2 -1 #SUP: 5512
3 3 5 5 5 5 6 6 7 7 1 1 2 2 2 -1 #SUP: 5372
3 3 5 5 5 5 6 6 7 7 7 1 1 1 1 -1 #SUP: 5515
3 3 5 5 5 5 6 6 7 7 7 1 1 1 2 -1 #SUP: 5526
3 3 5 5 5 5 6 6 7 7 7 1 1 2 2 -1 #SUP: 5498
3 3 5 5 5 5 6 6 7 7 7 1 2 2 2 -1 #SUP: 5353
3 3 5 5 5 5 6 6 7 7 7 7 1 1 1 -1 #SUP: 5456
3 3 5 5 5 5 6 6 7 7 7 7 1 1 2 -1 #SUP: 5457
3 3 5 5 5 5 6 6 7 7 7 7 1 2 2 -1 #SUP: 5425
3 3 5 5 5 5 6 7 1 1 1 1 1 2 2 -1 #SUP: 5412
3 3 5 5 5 5 6 7 1 1 1 1 2 2 2 -1 #SUP: 5351
3 3 5 5 5 5 6 7 7 1 1 1 1 1 2 -1 #SUP: 5452
3 3 5 5 5 5 6 7 7 1 1 1 1 2 2 -1 #SUP: 5503
3 3 5 5 5 5 6 7 7 1 1 1 2 2 2 -1 #SUP: 5376
3 3 5 5 5 5 6 7 7 7 1 1 1 1 1 -1 #SUP: 5446
3 3 5 5 5 5 6 7 7 7 1 1 1 1 2 -1 #SUP: 5523
3 3 5 5 5 5 6 7 7 7 1 1 1 2 2 -1 #SUP: 5509
3 3 5 5 5 5 6 7 7 7 1 1 2 2 2 -1 #SUP: 5369
3 3 5 5 5 5 6 7 7 7 7 1 1 1 1 -1 #SUP: 5462
3 3 5 5 5 5 6 7 7 7 7 1 1 1 2 -1 #SUP: 5474
3 3 5 5 5 5 6 7 7 7 7 1 1 2 2 -1 #SUP: 5447
3 3 5 5 5 5 7 7 1 1 1 1 1 2 2 -1 #SUP: 5408
3 3 5 5 5 5 7 7 1 1 1 1 2 2 2 -1 #SUP: 5348
3 3 5 5 5 5 7 7 7 1 1 1 1 1 2 -1 #SUP: 5437
3 3 5 5 5 5 7 7 7 1 1 1 1 2 2 -1 #SUP: 5488
3 3 5 5 5 5 7 7 7 1 1 1 2 2 2 -1 #SUP: 5362
3 3 5 5 5 5 7 7 7 7 1 1 1 1 1 -1 #SUP: 5379
3 3 5 5 5 5 7 7 7 7 1 1 1 1 2 -1 #SUP: 5457
3 3 5 5 5 5 7 7 7 7 1 1 1 2 2 -1 #SUP: 5444
3 3 5 5 5 6 6 6 7 1 1 1 1 2 2 -1 #SUP: 5393
3 3 5 5 5 6 6 6 7 7 1 1 1 1 2 -1 #SUP: 5416
3 3 5 5 5 6 6 6 7 7 1 1 1 2 2 -1 #SUP: 5409
3 3 5 5 5 6 6 6 7 7 7 1 1 1 1 -1 #SUP: 5398
3 3 5 5 5 6 6 6 7 7 7 1 1 1 2 -1 #SUP: 5408
3 3 5 5 5 6 6 6 7 7 7 1 1 2 2 -1 #SUP: 5387
3 3 5 5 5 6 6 7 1 1 1 1 1 2 2 -1 #SUP: 5414
3 3 5 5 5 6 6 7 1 1 1 1 2 2 2 -1 #SUP: 5356
3 3 5 5 5 6 6 7 7 1 1 1 1 1 2 -1 #SUP: 5453
3 3 5 5 5 6 6 7 7 1 1 1 1 2 2 -1 #SUP: 5507
3 3 5 5 5 6 6 7 7 1 1 1 2 2 2 -1 #SUP: 5382
3 3 5 5 5 6 6 7 7 7 1 1 1 1 1 -1 #SUP: 5446
3 3 5 5 5 6 6 7 7 7 1 1 1 1 2 -1 #SUP: 5526
3 3 5 5 5 6 6 7 7 7 1 1 1 2 2 -1 #SUP: 5513
3 3 5 5 5 6 6 7 7 7 1 1 2 2 2 -1 #SUP: 5374
3 3 5 5 5 6 6 7 7 7 7 1 1 1 1 -1 #SUP: 5460
3 3 5 5 5 6 6 7 7 7 7 1 1 1 2 -1 #SUP: 5472
3 3 5 5 5 6 6 7 7 7 7 1 1 2 2 -1 #SUP: 5446
3 3 5 5 5 6 7 7 1 1 1 1 1 2 2 -1 #SUP: 5421
3 3 5 5 5 6 7 7 1 1 1 1 2 2 2 -1 #SUP: 5363
3 3 5 5 5 6 7 7 7 1 1 1 1 1 2 -1 #SUP: 5450
3 3 5 5 5 6 7 7 7 1 1 1 1 2 2 -1 #SUP: 5503
3 3 5 5 5 6 7 7 7 1 1 1 2 2 2 -1 #SUP: 5378
3 3 5 5 5 6 7 7 7 7 1 1 1 1 1 -1 #SUP: 5392
3 3 5 5 5 6 7 7 7 7 1 1 1 1 2 -1 #SUP: 5473
3 3 5 5 5 6 7 7 7 7 1 1 1 2 2 -1 #SUP: 5460
3 3 5 5 5 7 7 7 1 1 1 1 1 2 2 -1 #SUP: 5404
3 3 5 5 5 7 7 7 1 1 1 1 2 2 2 -1 #SUP: 5346
3 3 5 5 5 7 7 7 7 1 1 1 1 1 2 -1 #SUP: 5383
3 3 5 5 5 7 7 7 7 1 1 1 1 2 2 -1 #SUP: 5437
3 3 5 5 6 6 6 7 7 1 1 1 1 2 2 -1 #SUP: 5391
3 3 5 5 6 6 6 7 7 7 1 1 1 1 2 -1 #SUP: 5396
3 3 5 5 6 6 6 7 7 7 1 1 1 2 2 -1 #SUP: 5388
3 3 5 5 6 6 7 7 1 1 1 1 1 2 2 -1 #SUP: 5410
3 3 5 5 6 6 7 7 1 1 1 1 2 2 2 -1 #SUP: 5354
3 3 5 5 6 6 7 7 7 1 1 1 1 1 2 -1 #SUP: 5437
3 3 5 5 6 6 7 7 7 1 1 1 1 2 2 -1 #SUP: 5492
3 3 5 5 6 6 7 7 7 1 1 1 2 2 2 -1 #SUP: 5368
3 3 5 5 6 6 7 7 7 7 1 1 1 1 1 -1 #SUP: 5375
3 3 5 5 6 6 7 7 7 7 1 1 1 1 2 -1 #SUP: 5457
3 3 5 5 6 6 7 7 7 7 1 1 1 2 2 -1 #SUP: 5445
3 3 5 5 6 7 7 7 1 1 1 1 1 2 2 -1 #SUP: 5405
3 3 5 5 6 7 7 7 1 1 1 1 2 2 2 -1 #SUP: 5349
3 3 5 5 6 7 7 7 7 1 1 1 1 1 2 -1 #SUP: 5384
3 3 5 5 6 7 7 7 7 1 1 1 1 2 2 -1 #SUP: 5439
3 3 5 6 6 6 7 7 7 1 1 1 1 2 2 -1 #SUP: 5372
3 3 5 6 6 7 7 7 1 1 1 1 1 2 2 -1 #SUP: 5389
3 3 5 6 6 7 7 7 7 1 1 1 1 1 2 -1 #SUP: 5363
3 3 5 6 6 7 7 7 7 1 1 1 1 2 2 -1 #SUP: 5420
3 4 5 5 5 5 5 5 6 1 1 1 1 2 2 -1 #SUP: 5364
3 4 5 5 5 5 5 5 6 6 1 1 1 1 2 -1 #SUP: 5356
3 4 5 5 5 5 5 5 6 6 7 1 1 1 1 -1 #SUP: 5367
3 4 5 5 5 5 5 5 6 6 7 1 1 1 2 -1 #SUP: 5372
3 4 5 5 5 5 5 5 6 6 7 7 1 1 1 -1 #SUP: 5371
3 4 5 5 5 5 5 5 6 6 7 7 1 1 2 -1 #SUP: 5368
3 4 5 5 5 5 5 5 6 6 7 7 7 1 1 -1 #SUP: 5348
3 4 5 5 5 5 5 5 6 7 1 1 1 1 2 -1 #SUP: 5400
3 4 5 5 5 5 5 5 6 7 1 1 1 2 2 -1 #SUP: 5381
3 4 5 5 5 5 5 5 6 7 7 1 1 1 1 -1 #SUP: 5403
3 4 5 5 5 5 5 5 6 7 7 1 1 1 2 -1 #SUP: 5408
3 4 5 5 5 5 5 5 6 7 7 1 1 2 2 -1 #SUP: 5378
3 4 5 5 5 5 5 5 6 7 7 7 1 1 1 -1 #SUP: 5390
3 4 5 5 5 5 5 5 6 7 7 7 1 1 2 -1 #SUP: 5388
3 4 5 5 5 5 5 5 6 7 7 7 1 2 2 -1 #SUP: 5354
3 4 5 5 5 5 5 5 7 1 1 1 1 2 2 -1 #SUP: 5368
3 4 5 5 5 5 5 5 7 7 1 1 1 1 2 -1 #SUP: 5398
3 4 5 5 5 5 5 5 7 7 1 1 1 2 2 -1 #SUP: 5379
3 4 5 5 5 5 5 5 7 7 7 1 1 1 1 -1 #SUP: 5385
3 4 5 5 5 5 5 5 7 7 7 1 1 1 2 -1 #SUP: 5391
3 4 5 5 5 5 5 5 7 7 7 1 1 2 2 -1 #SUP: 5362
3 4 5 5 5 5 5 6 1 1 1 1 1 2 2 -1 #SUP: 5429
3 4 5 5 5 5 5 6 1 1 1 1 2 2 2 -1 #SUP: 5360
3 4 5 5 5 5 5 6 6 1 1 1 1 1 2 -1 #SUP: 5448
3 4 5 5 5 5 5 6 6 1 1 1 1 2 2 -1 #SUP: 5491
3 4 5 5 5 5 5 6 6 1 1 1 2 2 2 -1 #SUP: 5365
3 4 5 5 5 5 5 6 6 6 1 1 1 1 2 -1 #SUP: 5374
3 4 5 5 5 5 5 6 6 6 1 1 1 2 2 -1 #SUP: 5363
3 4 5 5 5 5 5 6 6 6 7 1 1 1 1 -1 #SUP: 5384
3 4 5 5 5 5 5 6 6 6 7 1 1 1 2 -1 #SUP: 5391
3 4 5 5 5 5 5 6 6 6 7 1 1 2 2 -1 #SUP: 5369
3 4 5 5 5 5 5 6 6 6 7 7 1 1 1 -1 #SUP: 5385
3 4 5 5 5 5 5 6 6 6 7 7 1 1 2 -1 #SUP: 5383
3 4 5 5 5 5 5 6 6 6 7 7 1 2 2 -1 #SUP: 5356
3 4 5 5 5 5 5 6 6 6 7 7 7 1 1 -1 #SUP: 5359
3 4 5 5 5 5 5 6 6 6 7 7 7 1 2 -1 #SUP: 5353
3 4 5 5 5 5 5 6 6 7 1 1 1 1 1 -1 #SUP: 5460
3 4 5 5 5 5 5 6 6 7 1 1 1 1 2 -1 #SUP: 5530
3 4 5 5 5 5 5 6 6 7 1 1 1 2 2 -1 #SUP: 5514
3 4 5 5 5 5 5 6 6 7 1 1 2 2 2 -1 #SUP: 5374
3 4 5 5 5 5 5 6 6 7 7 1 1 1 1 -1 #SUP: 5531
3 4 5 5 5 5 5 6 6 7 7 1 1 1 2 -1 #SUP: 5539
3 4 5 5 5 5 5 6 6 7 7 1 1 2 2 -1 #SUP: 5510
3 4 5 5 5 5 5 6 6 7 7 1 2 2 2 -1 #SUP: 5367
3 4 5 5 5 5 5 6 6 7 7 7 1 1 1 -1 #SUP: 5520
3 4 5 5 5 5 5 6 6 7 7 7 1 1 2 -1 #SUP: 5519
3 4 5 5 5 5 5 6 6 7 7 7 1 2 2 -1 #SUP: 5485
3 4 5 5 5 5 5 6 6 7 7 7 7 1 1 -1 #SUP: 5445
3 4 5 5 5 5 5 6 6 7 7 7 7 1 2 -1 #SUP: 5441
3 4 5 5 5 5 5 6 6 7 7 7 7 2 2 -1 #SUP: 5408
3 4 5 5 5 5 5 6 7 1 1 1 1 1 2 -1 #SUP: 5474
3 4 5 5 5 5 5 6 7 1 1 1 1 2 2 -1 #SUP: 5516
3 4 5 5 5 5 5 6 7 1 1 1 2 2 2 -1 #SUP: 5390
3 4 5 5 5 5 5 6 7 7 1 1 1 1 1 -1 #SUP: 5478
3 4 5 5 5 5 5 6 7 7 1 1 1 1 2 -1 #SUP: 5548
3 4 5 5 5 5 5 6 7 7 1 1 1 2 2 -1 #SUP: 5532
3 4 5 5 5 5 5 6 7 7 1 1 2 2 2 -1 #SUP: 5392
3 4 5 5 5 5 5 6 7 7 7 1 1 1 1 -1 #SUP: 5533
3 4 5 5 5 5 5 6 7 7 7 1 1 1 2 -1 #SUP: 5543
3 4 5 5 5 5 5 6 7 7 7 1 1 2 2 -1 #SUP: 5513
3 4 5 5 5 5 5 6 7 7 7 1 2 2 2 -1 #SUP: 5369
3 4 5 5 5 5 5 6 7 7 7 7 1 1 1 -1 #SUP: 5473
3 4 5 5 5 5 5 6 7 7 7 7 1 1 2 -1 #SUP: 5474
3 4 5 5 5 5 5 6 7 7 7 7 1 2 2 -1 #SUP: 5441
3 4 5 5 5 5 5 7 1 1 1 1 1 2 2 -1 #SUP: 5430
3 4 5 5 5 5 5 7 1 1 1 1 2 2 2 -1 #SUP: 5362
3 4 5 5 5 5 5 7 7 1 1 1 1 1 2 -1 #SUP: 5469
3 4 5 5 5 5 5 7 7 1 1 1 1 2 2 -1 #SUP: 5511
3 4 5 5 5 5 5 7 7 1 1 1 2 2 2 -1 #SUP: 5386
3 4 5 5 5 5 5 7 7 7 1 1 1 1 1 -1 #SUP: 5455
3 4 5 5 5 5 5 7 7 7 1 1 1 1 2 -1 #SUP: 5526
3 4 5 5 5 5 5 7 7 7 1 1 1 2 2 -1 #SUP: 5510
3 4 5 5 5 5 5 7 7 7 1 1 2 2 2 -1 #SUP: 5372
3 4 5 5 5 5 5 7 7 7 7 1 1 1 1 -1 #SUP: 5463
3 4 5 5 5 5 5 7 7 7 7 1 1 1 2 -1 #SUP: 5474
3 4 5 5 5 5 5 7 7 7 7 1 1 2 2 -1 #SUP: 5447
3 4 5 5 5 5 6 6 1 1 1 1 1 2 2 -1 #SUP: 5455
3 4 5 5 5 5 6 6 1 1 1 1 2 2 2 -1 #SUP: 5394
3 4 5 5 5 5 6 6 6 1 1 1 1 1 2 -1 #SUP: 5368
3 4 5 5 5 5 6 6 6 1 1 1 1 2 2 -1 #SUP: 5423
3 4 5 5 5 5 6 6 6 7 1 1 1 1 1 -1 #SUP: 5379
3 4 5 5 5 5 6 6 6 7 1 1 1 1 2 -1 #SUP: 5454
3 4 5 5 5 5 6 6 6 7 1 1 1 2 2 -1 #SUP: 5445
3 4 5 5 5 5 6 6 6 7 7 1 1 1 1 -1 #SUP: 5454
3 4 5 5 5 5 6 6 6 7 7 1 1 1 2 -1 #SUP: 5462
3 4 5 5 5 5 6 6 6 7 7 1 1 2 2 -1 #SUP: 5441
3 4 5 5 5 5 6 6 6 7 7 7 1 1 1 -1 #SUP: 5436
3 4 5 5 5 5 6 6 6 7 7 7 1 1 2 -1 #SUP: 5436
3 4 5 5 5 5 6 6 6 7 7 7 1 2 2 -1 #SUP: 5409
3 4 5 5 5 5 6 6 6 7 7 7 7 1 1 -1 #SUP: 5359
3 4 5 5 5 5 6 6 6 7 7 7 7 1 2 -1 #SUP: 5355
3 4 5 5 5 5 6 6 7 1 1 1 1 1 2 -1 #SUP: 5501
3 4 5 5 5 5 6 6 7 1 1 1 1 2 2 -1 #SUP: 5552
3 4 5 5 5 5 6 6 7 1 1 1 2 2 2 -1 #SUP: 5426
3 4 5 5 5 5 6 6 7 7 1 1 1 1 1 -1 #SUP: 5505
3 4 5 5 5 5 6 6 7 7 1 1 1 1 2 -1 #SUP: 5582
3 4 5 5 5 5 6 6 7 7 1 1 1 2 2 -1 #SUP: 5569
3 4 5 5 5 5 6 6 7 7 1 1 2 2 2 -1 #SUP: 5430
3 4 5 5 5 5 6 6 7 7 7 1 1 1 1 -1 #SUP: 5566
3 4 5 5 5 5 6 6 7 7 7 1 1 1 2 -1 #SUP: 5578
3 4 5 5 5 5 6 6 7 7 7 1 1 2 2 -1 #SUP: 5550
3 4 5 5 5 5 6 6 7 7 7 1 2 2 2 -1 #SUP: 5406
3 4 5 5 5 5 6 6 7 7 7 7 1 1 1 -1 #SUP: 5507
3 4 5 5 5 5 6 6 7 7 7 7 1 1 2 -1 #SUP: 5509
3 4 5 5 5 5 6 6 7 7 7 7 1 2 2 -1 #SUP: 5477
3 4 5 5 5 5 6 7 1 1 1 1 1 2 2 -1 #SUP: 5472
3 4 5 5 5 5 6 7 1 1 1 1 2 2 2 -1 #SUP: 5411
3 4 5 5 5 5 6 7 7 1 1 1 1 1 1 -1 #SUP: 5349
3 4 5 5 5 5 6 7 7 1 1 1 1 1 2 -1 #SUP: 5511
3 4 5 5 5 5 6 7 7 1 1 1 1 2 2 -1 #SUP: 5561
3 4 5 5 5 5 6 7 7 1 1 1 2 2 2 -1 #SUP: 5435
3 4 5 5 5 5 6 7 7 7 1 1 1 1 1 -1 #SUP: 5499
3 4 5 5 5 5 6 7 7 7 1 1 1 1 2 -1 #SUP: 5577
3 4 5 5 5 5 6 7 7 7 1 1 1 2 2 -1 #SUP: 5563
3 4 5 5 5 5 6 7 7 7 1 1 2 2 2 -1 #SUP: 5424
3 4 5 5 5 5 6 7 7 7 7 1 1 1 1 -1 #SUP: 5515
3 4 5 5 5 5 6 7 7 7 7 1 1 1 2 -1 #SUP: 5528
3 4 5 5 5 5 6 7 7 7 7 1 1 2 2 -1 #SUP: 5501
3 4 5 5 5 5 6 7 7 7 7 1 2 2 2 -1 #SUP: 5363
3 4 5 5 5 5 7 7 1 1 1 1 1 2 2 -1 #SUP: 5467
3 4 5 5 5 5 7 7 1 1 1 1 2 2 2 -1 #SUP: 5407
3 4 5 5 5 5 7 7 7 1 1 1 1 1 2 -1 #SUP: 5491
3 4 5 5 5 5 7 7 7 1 1 1 1 2 2 -1 #SUP: 5541
3 4 5 5 5 5 7 7 7 1 1 1 2 2 2 -1 #SUP: 5416
3 4 5 5 5 5 7 7 7 7 1 1 1 1 1 -1 #SUP: 5431
3 4 5 5 5 5 7 7 7 7 1 1 1 1 2 -1 #SUP: 5510
3 4 5 5 5 5 7 7 7 7 1 1 1 2 2 -1 #SUP: 5497
3 4 5 5 5 5 7 7 7 7 1 1 2 2 2 -1 #SUP: 5364
3 4 5 5 5 6 6 6 1 1 1 1 1 2 2 -1 #SUP: 5355
3 4 5 5 5 6 6 6 7 1 1 1 1 1 2 -1 #SUP: 5394
3 4 5 5 5 6 6 6 7 1 1 1 1 2 2 -1 #SUP: 5454
3 4 5 5 5 6 6 6 7 1 1 1 2 2 2 -1 #SUP: 5347
3 4 5 5 5 6 6 6 7 7 1 1 1 1 1 -1 #SUP: 5396
3 4 5 5 5 6 6 6 7 7 1 1 1 1 2 -1 #SUP: 5476
3 4 5 5 5 6 6 6 7 7 1 1 1 2 2 -1 #SUP: 5469
3 4 5 5 5 6 6 6 7 7 1 1 2 2 2 -1 #SUP: 5349
3 4 5 5 5 6 6 6 7 7 7 1 1 1 1 -1 #SUP: 5455
3 4 5 5 5 6 6 6 7 7 7 1 1 1 2 -1 #SUP: 5466
3 4 5 5 5 6 6 6 7 7 7 1 1 2 2 -1 #SUP: 5445
3 4 5 5 5 6 6 6 7 7 7 7 1 1 1 -1 #SUP: 5389
3 4 5 5 5 6 6 6 7 7 7 7 1 1 2 -1 #SUP: 5391
3 4 5 5 5 6 6 6 7 7 7 7 1 2 2 -1 #SUP: 5365
3 4 5 5 5 6 6 7 1 1 1 1 1 2 2 -1 #SUP: 5480
3 4 5 5 5 6 6 7 1 1 1 1 2 2 2 -1 #SUP: 5424
3 4 5 5 5 6 6 7 7 1 1 1 1 1 1 -1 #SUP: 5352
3 4 5 5 5 6 6 7 7 1 1 1 1 1 2 -1 #SUP: 5518
3 4 5 5 5 6 6 7 7 1 1 1 1 2 2 -1 #SUP: 5573
3 4 5 5 5 6 6 7 7 1 1 1 2 2 2 -1 #SUP: 5449
3 4 5 5 5 6 6 7 7 7 1 1 1 1 1 -1 #SUP: 5504
3 4 5 5 5 6 6 7 7 7 1 1 1 1 2 -1 #SUP: 5587
3 4 5 5 5 6 6 7 7 7 1 1 1 2 2 -1 #SUP: 5574
3 4 5 5 5 6 6 7 7 7 1 1 2 2 2 -1 #SUP: 5436
3 4 5 5 5 6 6 7 7 7 7 1 1 1 1 -1 #SUP: 5520
3 4 5 5 5 6 6 7 7 7 7 1 1 1 2 -1 #SUP: 5533
3 4 5 5 5 6 6 7 7 7 7 1 1 2 2 -1 #SUP: 5507
3 4 5 5 5 6 6 7 7 7 7 1 2 2 2 -1 #SUP: 5370
3 4 5 5 5 6 7 7 1 1 1 1 1 2 2 -1 #SUP: 5488
3 4 5 5 5 6 7 7 1 1 1 1 2 2 2 -1 #SUP: 5432
3 4 5 5 5 6 7 7 7 1 1 1 1 1 2 -1 #SUP: 5512
3 4 5 5 5 6 7 7 7 1 1 1 1 2 2 -1 #SUP: 5566
3 4 5 5 5 6 7 7 7 1 1 1 2 2 2 -1 #SUP: 5442
3 4 5 5 5 6 7 7 7 7 1 1 1 1 1 -1 #SUP: 5452
3 4 5 5 5 6 7 7 7 7 1 1 1 1 2 -1 #SUP: 5536
3 4 5 5 5 6 7 7 7 7 1 1 1 2 2 -1 #SUP: 5523
3 4 5 5 5 6 7 7 7 7 1 1 2 2 2 -1 #SUP: 5391
3 4 5 5 5 6 7 7 7 7 7 1 1 1 2 -1 #SUP: 5359
3 4 5 5 5 7 7 7 1 1 1 1 1 2 2 -1 #SUP: 5468
3 4 5 5 5 7 7 7 1 1 1 1 2 2 2 -1 #SUP: 5412
3 4 5 5 5 7 7 7 7 1 1 1 1 1 2 -1 #SUP: 5445
3 4 5 5 5 7 7 7 7 1 1 1 1 2 2 -1 #SUP: 5500
3 4 5 5 5 7 7 7 7 1 1 1 2 2 2 -1 #SUP: 5381
3 4 5 5 6 6 6 7 1 1 1 1 1 2 2 -1 #SUP: 5365
3 4 5 5 6 6 6 7 7 1 1 1 1 1 2 -1 #SUP: 5393
3 4 5 5 6 6 6 7 7 1 1 1 1 2 2 -1 #SUP: 5454
3 4 5 5 6 6 6 7 7 1 1 1 2 2 2 -1 #SUP: 5348
3 4 5 5 6 6 6 7 7 7 1 1 1 1 1 -1 #SUP: 5373
3 4 5 5 6 6 6 7 7 7 1 1 1 1 2 -1 #SUP: 5455
3 4 5 5 6 6 6 7 7 7 1 1 1 2 2 -1 #SUP: 5448
3 4 5 5 6 6 6 7 7 7 7 1 1 1 1 -1 #SUP: 5384
3 4 5 5 6 6 6 7 7 7 7 1 1 1 2 -1 #SUP: 5397
3 4 5 5 6 6 6 7 7 7 7 1 1 2 2 -1 #SUP: 5377
3 4 5 5 6 6 7 7 1 1 1 1 1 2 2 -1 #SUP: 5478
3 4 5 5 6 6 7 7 1 1 1 1 2 2 2 -1 #SUP: 5424
3 4 5 5 6 6 7 7 7 1 1 1 1 1 2 -1 #SUP: 5501
3 4 5 5 6 6 7 7 7 1 1 1 1 2 2 -1 #SUP: 5557
3 4 5 5 6 6 7 7 7 1 1 1 2 2 2 -1 #SUP: 5434
3 4 5 5 6 6 7 7 7 7 1 1 1 1 1 -1 #SUP: 5437
3 4 5 5 6 6 7 7 7 7 1 1 1 1 2 -1 #SUP: 5522
3 4 5 5 6 6 7 7 7 7 1 1 1 2 2 -1 #SUP: 5510
3 4 5 5 6 6 7 7 7 7 1 1 2 2 2 -1 #SUP: 5379
3 4 5 5 6 7 7 7 1 1 1 1 1 2 2 -1 #SUP: 5471
3 4 5 5 6 7 7 7 1 1 1 1 2 2 2 -1 #SUP: 5417
3 4 5 5 6 7 7 7 7 1 1 1 1 1 2 -1 #SUP: 5448
3 4 5 5 6 7 7 7 7 1 1 1 1 2 2 -1 #SUP: 5504
3 4 5 5 6 7 7 7 7 1 1 1 2 2 2 -1 #SUP: 5386
3 4 5 5 7 7 7 7 1 1 1 1 1 2 2 -1 #SUP: 5405
3 4 5 5 7 7 7 7 1 1 1 1 2 2 2 -1 #SUP: 5355
3 4 5 6 6 6 7 7 1 1 1 1 1 2 2 -1 #SUP: 5357
3 4 5 6 6 6 7 7 7 1 1 1 1 1 2 -1 #SUP: 5368
3 4 5 6 6 6 7 7 7 1 1 1 1 2 2 -1 #SUP: 5429
3 4 5 6 6 6 7 7 7 7 1 1 1 1 2 -1 #SUP: 5385
3 4 5 6 6 6 7 7 7 7 1 1 1 2 2 -1 #SUP: 5378
3 4 5 6 6 7 7 7 1 1 1 1 1 2 2 -1 #SUP: 5455
3 4 5 6 6 7 7 7 1 1 1 1 2 2 2 -1 #SUP: 5403
3 4 5 6 6 7 7 7 7 1 1 1 1 1 2 -1 #SUP: 5428
3 4 5 6 6 7 7 7 7 1 1 1 1 2 2 -1 #SUP: 5486
3 4 5 6 6 7 7 7 7 1 1 1 2 2 2 -1 #SUP: 5370
3 4 5 6 7 7 7 7 1 1 1 1 1 2 2 -1 #SUP: 5401
3 4 5 6 7 7 7 7 1 1 1 1 2 2 2 -1 #SUP: 5353
3 4 6 6 6 7 7 7 7 1 1 1 1 2 2 -1 #SUP: 5354
3 4 6 6 7 7 7 7 1 1 1 1 1 2 2 -1 #SUP: 5384
3 5 5 5 5 5 5 6 1 1 1 1 1 1 2 -1 #SUP: 5359
3 5 5 5 5 5 5 6 1 1 1 1 1 2 2 -1 #SUP: 5497
3 5 5 5 5 5 5 6 1 1 1 1 2 2 2 -1 #SUP: 5430
3 5 5 5 5 5 5 6 6 1 1 1 1 1 1 -1 #SUP: 5358
3 5 5 5 5 5 5 6 6 1 1 1 1 1 2 -1 #SUP: 5506
3 5 5 5 5 5 5 6 6 1 1 1 1 2 2 -1 #SUP: 5554
3 5 5 5 5 5 5 6 6 1 1 1 2 2 2 -1 #SUP: 5425
3 5 5 5 5 5 5 6 6 6 1 1 1 1 1 -1 #SUP: 5349
3 5 5 5 5 5 5 6 6 6 1 1 1 1 2 -1 #SUP: 5419
3 5 5 5 5 5 5 6 6 6 1 1 1 2 2 -1 #SUP: 5407
3 5 5 5 5 5 5 6 6 6 7 1 1 1 1 -1 #SUP: 5430
3 5 5 5 5 5 5 6 6 6 7 1 1 1 2 -1 #SUP: 5435
3 5 5 5 5 5 5 6 6 6 7 1 1 2 2 -1 #SUP: 5413
3 5 5 5 5 5 5 6 6 6 7 7 1 1 1 -1 #SUP: 5429
3 5 5 5 5 5 5 6 6 6 7 7 1 1 2 -1 #SUP: 5427
3 5 5 5 5 5 5 6 6 6 7 7 1 2 2 -1 #SUP: 5401
3 5 5 5 5 5 5 6 6 6 7 7 7 1 1 -1 #SUP: 5397
3 5 5 5 5 5 5 6 6 6 7 7 7 1 2 -1 #SUP: 5391
3 5 5 5 5 5 5 6 6 6 7 7 7 2 2 -1 #SUP: 5365
3 5 5 5 5 5 5 6 6 7 1 1 1 1 1 -1 #SUP: 5519
3 5 5 5 5 5 5 6 6 7 1 1 1 1 2 -1 #SUP: 5591
3 5 5 5 5 5 5 6 6 7 1 1 1 2 2 -1 #SUP: 5574
3 5 5 5 5 5 5 6 6 7 1 1 2 2 2 -1 #SUP: 5434
3 5 5 5 5 5 5 6 6 7 7 1 1 1 1 -1 #SUP: 5593
3 5 5 5 5 5 5 6 6 7 7 1 1 1 2 -1 #SUP: 5599
3 5 5 5 5 5 5 6 6 7 7 1 1 2 1 -1 #SUP: 5350
3 5 5 5 5 5 5 6 6 7 7 1 1 2 2 -1 #SUP: 5571
3 5 5 5 5 5 5 6 6 7 7 1 2 2 2 -1 #SUP: 5428
3 5 5 5 5 5 5 6 6 7 7 7 1 1 1 -1 #SUP: 5578
3 5 5 5 5 5 5 6 6 7 7 7 1 1 2 -1 #SUP: 5577
3 5 5 5 5 5 5 6 6 7 7 7 1 2 2 -1 #SUP: 5544
3 5 5 5 5 5 5 6 6 7 7 7 2 2 2 -1 #SUP: 5401
3 5 5 5 5 5 5 6 6 7 7 7 7 1 1 -1 #SUP: 5496
3 5 5 5 5 5 5 6 6 7 7 7 7 1 2 -1 #SUP: 5492
3 5 5 5 5 5 5 6 6 7 7 7 7 2 2 -1 #SUP: 5460
3 5 5 5 5 5 5 6 7 1 1 1 1 1 1 -1 #SUP: 5389
3 5 5 5 5 5 5 6 7 1 1 1 1 1 2 -1 #SUP: 5540
3 5 5 5 5 5 5 6 7 1 1 1 1 2 2 -1 #SUP: 5587
3 5 5 5 5 5 5 6 7 1 1 1 2 2 2 -1 #SUP: 5457
3 5 5 5 5 5 5 6 7 7 1 1 1 1 1 -1 #SUP: 5545
3 5 5 5 5 5 5 6 7 7 1 1 1 1 2 -1 #SUP: 5617
3 5 5 5 5 5 5 6 7 7 1 1 1 2 1 -1 #SUP: 5352
3 5 5 5 5 5 5 6 7 7 1 1 1 2 2 -1 #SUP: 5599
3 5 5 5 5 5 5 6 7 7 1 1 2 2 2 -1 #SUP: 5459
3 5 5 5 5 5 5 6 7 7 7 1 1 1 1 -1 #SUP: 5602
3 5 5 5 5 5 5 6 7 7 7 1 1 1 2 -1 #SUP: 5609
3 5 5 5 5 5 5 6 7 7 7 1 1 2 1 -1 #SUP: 5355
3 5 5 5 5 5 5 6 7 7 7 1 1 2 2 -1 #SUP: 5580
3 5 5 5 5 5 5 6 7 7 7 1 2 2 2 -1 #SUP: 5436
3 5 5 5 5 5 5 6 7 7 7 7 1 1 1 -1 #SUP: 5526
3 5 5 5 5 5 5 6 7 7 7 7 1 1 2 -1 #SUP: 5527
3 5 5 5 5 5 5 6 7 7 7 7 1 2 2 -1 #SUP: 5495
3 5 5 5 5 5 5 6 7 7 7 7 2 2 2 -1 #SUP: 5358
3 5 5 5 5 5 5 7 1 1 1 1 1 1 2 -1 #SUP: 5362
3 5 5 5 5 5 5 7 1 1 1 1 1 2 2 -1 #SUP: 5501
3 5 5 5 5 5 5 7 1 1 1 1 2 2 2 -1 #SUP: 5435
3 5 5 5 5 5 5 7 7 1 1 1 1 1 1 -1 #SUP: 5384
3 5 5 5 5 5 5 7 7 1 1 1 1 1 2 -1 #SUP: 5537
3 5 5 5 5 5 5 7 7 1 1 1 1 2 2 -1 #SUP: 5584
3 5 5 5 5 5 5 7 7 1 1 1 2 2 2 -1 #SUP: 5455
3 5 5 5 5 5 5 7 7 7 1 1 1 1 1 -1 #SUP: 5525
3 5 5 5 5 5 5 7 7 7 1 1 1 1 2 -1 #SUP: 5598
3 5 5 5 5 5 5 7 7 7 1 1 1 2 2 -1 #SUP: 5580
3 5 5 5 5 5 5 7 7 7 1 1 2 2 2 -1 #SUP: 5442
3 5 5 5 5 5 5 7 7 7 7 1 1 1 1 -1 #SUP: 5525
3 5 5 5 5 5 5 7 7 7 7 1 1 1 2 -1 #SUP: 5533
3 5 5 5 5 5 5 7 7 7 7 1 1 2 2 -1 #SUP: 5507
3 5 5 5 5 5 5 7 7 7 7 1 2 2 2 -1 #SUP: 5370
3 5 5 5 5 5 6 1 1 1 1 1 1 2 2 -1 #SUP: 5380
3 5 5 5 5 5 6 1 1 1 1 1 2 2 2 -1 #SUP: 5422
3 5 5 5 5 5 6 6 1 1 1 1 1 1 2 -1 #SUP: 5427
3 5 5 5 5 5 6 6 1 1 1 1 1 2 2 -1 #SUP: 5578
3 5 5 5 5 5 6 6 1 1 1 1 2 2 2 -1 #SUP: 5522
3 5 5 5 5 5 6 6 6 1 1 1 1 1 2 -1 #SUP: 5477
3 5 5 5 5 5 6 6 6 1 1 1 1 2 2 -1 #SUP: 5537
3 5 5 5 5 5 6 6 6 1 1 1 2 2 2 -1 #SUP: 5429
3 5 5 5 5 5 6 6 6 7 1 1 1 1 1 -1 #SUP: 5490
3 5 5 5 5 5 6 6 6 7 1 1 1 1 2 -1 #SUP: 5569
3 5 5 5 5 5 6 6 6 7 1 1 1 2 2 -1 #SUP: 5560
3 5 5 5 5 5 6 6 6 7 1 1 2 2 2 -1 #SUP: 5438
3 5 5 5 5 5 6 6 6 7 7 1 1 1 1 -1 #SUP: 5570
3 5 5 5 5 5 6 6 6 7 7 1 1 1 2 -1 #SUP: 5577
3 5 5 5 5 5 6 6 6 7 7 1 1 2 2 -1 #SUP: 5555
3 5 5 5 5 5 6 6 6 7 7 1 2 2 2 -1 #SUP: 5430
3 5 5 5 5 5 6 6 6 7 7 7 1 1 1 -1 #SUP: 5550
3 5 5 5 5 5 6 6 6 7 7 7 1 1 2 -1 #SUP: 5548
3 5 5 5 5 5 6 6 6 7 7 7 1 2 2 -1 #SUP: 5521
3 5 5 5 5 5 6 6 6 7 7 7 2 2 2 -1 #SUP: 5396
3 5 5 5 5 5 6 6 6 7 7 7 7 1 1 -1 #SUP: 5457
3 5 5 5 5 5 6 6 6 7 7 7 7 1 2 -1 #SUP: 5452
3 5 5 5 5 5 6 6 6 7 7 7 7 2 2 -1 #SUP: 5425
3 5 5 5 5 5 6 6 7 1 1 1 1 1 1 -1 #SUP: 5460
3 5 5 5 5 5 6 6 7 1 1 1 1 1 2 -1 #SUP: 5625
3 5 5 5 5 5 6 6 7 1 1 1 1 2 1 -1 #SUP: 5356
3 5 5 5 5 5 6 6 7 1 1 1 1 2 2 -1 #SUP: 5681
3 5 5 5 5 5 6 6 7 1 1 1 2 1 2 -1 #SUP: 5393
3 5 5 5 5 5 6 6 7 1 1 1 2 2 2 -1 #SUP: 5553
3 5 5 5 5 5 6 6 7 7 1 1 1 1 1 -1 #SUP: 5629
3 5 5 5 5 5 6 6 7 7 1 1 1 1 2 -1 #SUP: 5710
3 5 5 5 5 5 6 6 7 7 1 1 1 2 1 -1 #SUP: 5436
3 5 5 5 5 5 6 6 7 7 1 1 1 2 2 -1 #SUP: 5695
3 5 5 5 5 5 6 6 7 7 1 1 2 1 2 -1 #SUP: 5416
3 5 5 5 5 5 6 6 7 7 1 1 2 2 2 -1 #SUP: 5555
3 5 5 5 5 5 6 6 7 7 7 1 1 1 1 -1 #SUP: 5695
3 5 5 5 5 5 6 6 7 7 7 1 1 1 2 -1 #SUP: 5704
3 5 5 5 5 5 6 6 7 7 7 1 1 2 1 -1 #SUP: 5439
3 5 5 5 5 5 6 6 7 7 7 1 1 2 2 -1 #SUP: 5675
3 5 5 5 5 5 6 6 7 7 7 1 2 1 2 -1 #SUP: 5396
3 5 5 5 5 5 6 6 7 7 7 1 2 2 2 -1 #SUP: 5531
3 5 5 5 5 5 6 6 7 7 7 7 1 1 1 -1 #SUP: 5619
3 5 5 5 5 5 6 6 7 7 7 7 1 1 2 -1 #SUP: 5619
3 5 5 5 5 5 6 6 7 7 7 7 1 2 1 -1 #SUP: 5357
3 5 5 5 5 5 6 6 7 7 7 7 1 2 2 -1 #SUP: 5587
3 5 5 5 5 5 6 6 7 7 7 7 2 2 2 -1 #SUP: 5450
3 5 5 5 5 5 6 6 7 7 7 7 7 1 1 -1 #SUP: 5415
3 5 5 5 5 5 6 6 7 7 7 7 7 1 2 -1 #SUP: 5410
3 5 5 5 5 5 6 6 7 7 7 7 7 2 2 -1 #SUP: 5380
3 5 5 5 5 5 6 7 1 1 1 1 1 1 2 -1 #SUP: 5449
3 5 5 5 5 5 6 7 1 1 1 1 1 2 2 -1 #SUP: 5599
3 5 5 5 5 5 6 7 1 1 1 1 2 2 2 -1 #SUP: 5542
3 5 5 5 5 5 6 7 7 1 1 1 1 1 1 -1 #SUP: 5472
3 5 5 5 5 5 6 7 7 1 1 1 1 1 2 -1 #SUP: 5638
3 5 5 5 5 5 6 7 7 1 1 1 1 2 1 -1 #SUP: 5366
3 5 5 5 5 5 6 7 7 1 1 1 1 2 2 -1 #SUP: 5693
3 5 5 5 5 5 6 7 7 1 1 1 2 1 2 -1 #SUP: 5402
3 5 5 5 5 5 6 7 7 1 1 1 2 2 2 -1 #SUP: 5567
3 5 5 5 5 5 6 7 7 7 1 1 1 1 1 -1 #SUP: 5627
3 5 5 5 5 5 6 7 7 7 1 1 1 1 2 -1 #SUP: 5709
3 5 5 5 5 5 6 7 7 7 1 1 1 2 1 -1 #SUP: 5430
3 5 5 5 5 5 6 7 7 7 1 1 1 2 2 -1 #SUP: 5694
3 5 5 5 5 5 6 7 7 7 1 1 2 1 2 -1 #SUP: 5410
3 5 5 5 5 5 6 7 7 7 1 1 2 2 2 -1 #SUP: 5554
3 5 5 5 5 5 6 7 7 7 7 1 1 1 1 -1 #SUP: 5634
3 5 5 5 5 5 6 7 7 7 7 1 1 1 2 -1 #SUP: 5645
3 5 5 5 5 5 6 7 7 7 7 1 1 2 1 -1 #SUP: 5377
3 5 5 5 5 5 6 7 7 7 7 1 1 2 2 -1 #SUP: 5617
3 5 5 5 5 5 6 7 7 7 7 1 2 2 2 -1 #SUP: 5480
3 5 5 5 5 5 6 7 7 7 7 7 1 1 1 -1 #SUP: 5448
3 5 5 5 5 5 6 7 7 7 7 7 1 1 2 -1 #SUP: 5448
3 5 5 5 5 5 6 7 7 7 7 7 1 2 2 -1 #SUP: 5416
3 5 5 5 5 5 7 1 1 1 1 1 1 2 2 -1 #SUP: 5383
3 5 5 5 5 5 7 1 1 1 1 1 2 2 2 -1 #SUP: 5426
3 5 5 5 5 5 7 7 1 1 1 1 1 1 2 -1 #SUP: 5442
3 5 5 5 5 5 7 7 1 1 1 1 1 2 2 -1 #SUP: 5594
3 5 5 5 5 5 7 7 1 1 1 1 2 2 2 -1 #SUP: 5539
3 5 5 5 5 5 7 7 7 1 1 1 1 1 1 -1 #SUP: 5450
3 5 5 5 5 5 7 7 7 1 1 1 1 1 2 -1 #SUP: 5618
3 5 5 5 5 5 7 7 7 1 1 1 1 2 2 -1 #SUP: 5673
3 5 5 5 5 5 7 7 7 1 1 1 2 1 2 -1 #SUP: 5381
3 5 5 5 5 5 7 7 7 1 1 1 2 2 2 -1 #SUP: 5549
3 5 5 5 5 5 7 7 7 7 1 1 1 1 1 -1 #SUP: 5547
3 5 5 5 5 5 7 7 7 7 1 1 1 1 2 -1 #SUP: 5630
3 5 5 5 5 5 7 7 7 7 1 1 1 2 1 -1 #SUP: 5353
3 5 5 5 5 5 7 7 7 7 1 1 1 2 2 -1 #SUP: 5616
3 5 5 5 5 5 7 7 7 7 1 1 2 2 2 -1 #SUP: 5484
3 5 5 5 5 5 7 7 7 7 7 1 1 1 1 -1 #SUP: 5434
3 5 5 5 5 5 7 7 7 7 7 1 1 1 2 -1 #SUP: 5447
3 5 5 5 5 5 7 7 7 7 7 1 1 2 2 -1 #SUP: 5421
3 5 5 5 5 6 6 1 1 1 1 1 1 2 2 -1 #SUP: 5391
3 5 5 5 5 6 6 1 1 1 1 1 2 2 2 -1 #SUP: 5438
3 5 5 5 5 6 6 6 1 1 1 1 1 2 2 -1 #SUP: 5493
3 5 5 5 5 6 6 6 1 1 1 1 2 2 2 -1 #SUP: 5461
3 5 5 5 5 6 6 6 7 1 1 1 1 1 1 -1 #SUP: 5362
3 5 5 5 5 6 6 6 7 1 1 1 1 1 2 -1 #SUP: 5533
3 5 5 5 5 6 6 6 7 1 1 1 1 2 2 -1 #SUP: 5602
3 5 5 5 5 6 6 6 7 1 1 1 2 2 2 -1 #SUP: 5491
3 5 5 5 5 6 6 6 7 7 1 1 1 1 1 -1 #SUP: 5537
3 5 5 5 5 6 6 6 7 7 1 1 1 1 2 -1 #SUP: 5623
3 5 5 5 5 6 6 6 7 7 1 1 1 2 1 -1 #SUP: 5354
3 5 5 5 5 6 6 6 7 7 1 1 1 2 2 -1 #SUP: 5615
3 5 5 5 5 6 6 6 7 7 1 1 2 2 2 -1 #SUP: 5494
3 5 5 5 5 6 6 6 7 7 7 1 1 1 1 -1 #SUP: 5599
3 5 5 5 5 6 6 6 7 7 7 1 1 1 2 -1 #SUP: 5608
3 5 5 5 5 6 6 6 7 7 7 1 1 2 1 -1 #SUP: 5351
3 5 5 5 5 6 6 6 7 7 7 1 1 2 2 -1 #SUP: 5587
3 5 5 5 5 6 6 6 7 7 7 1 2 2 2 -1 #SUP: 5460
3 5 5 5 5 6 6 6 7 7 7 7 1 1 1 -1 #SUP: 5520
3 5 5 5 5 6 6 6 7 7 7 7 1 1 2 -1 #SUP: 5521
3 5 5 5 5 6 6 6 7 7 7 7 1 2 2 -1 #SUP: 5495
3 5 5 5 5 6 6 6 7 7 7 7 2 2 2 -1 #SUP: 5375
3 5 5 5 5 6 6 7 1 1 1 1 1 1 2 -1 #SUP: 5460
3 5 5 5 5 6 6 7 1 1 1 1 1 2 2 -1 #SUP: 5617
3 5 5 5 5 6 6 7 1 1 1 1 2 2 2 -1 #SUP: 5568
3 5 5 5 5 6 6 7 7 1 1 1 1 1 1 -1 #SUP: 5483
3 5 5 5 5 6 6 7 7 1 1 1 1 1 2 -1 #SUP: 5655
3 5 5 5 5 6 6 7 7 1 1 1 1 2 1 -1 #SUP: 5383
3 5 5 5 5 6 6 7 7 1 1 1 1 2 2 -1 #SUP: 5719
3 5 5 5 5 6 6 7 7 1 1 1 2 1 2 -1 #SUP: 5422
3 5 5 5 5 6 6 7 7 1 1 1 2 2 2 -1 #SUP: 5594
3 5 5 5 5 6 6 7 7 7 1 1 1 1 1 -1 #SUP: 5645
3 5 5 5 5 6 6 7 7 7 1 1 1 1 2 -1 #SUP: 5734
3 5 5 5 5 6 6 7 7 7 1 1 1 2 1 -1 #SUP: 5452
3 5 5 5 5 6 6 7 7 7 1 1 1 2 2 -1 #SUP: 5722
3 5 5 5 5 6 6 7 7 7 1 1 2 1 2 -1 #SUP: 5434
3 5 5 5 5 6 6 7 7 7 1 1 2 2 2 -1 #SUP: 5583
3 5 5 5 5 6 6 7 7 7 7 1 1 1 1 -1 #SUP: 5657
3 5 5 5 5 6 6 7 7 7 7 1 1 1 2 -1 #SUP: 5670
3 5 5 5 5 6 6 7 7 7 7 1 1 2 1 -1 #SUP: 5401
3 5 5 5 5 6 6 7 7 7 7 1 1 2 2 -1 #SUP: 5644
3 5 5 5 5 6 6 7 7 7 7 1 2 1 2 -1 #SUP: 5358
3 5 5 5 5 6 6 7 7 7 7 1 2 2 2 -1 #SUP: 5507
3 5 5 5 5 6 6 7 7 7 7 7 1 1 1 -1 #SUP: 5461
3 5 5 5 5 6 6 7 7 7 7 7 1 1 2 -1 #SUP: 5462
3 5 5 5 5 6 6 7 7 7 7 7 1 2 2 -1 #SUP: 5432
3 5 5 5 5 6 7 1 1 1 1 1 1 2 2 -1 #SUP: 5408
3 5 5 5 5 6 7 1 1 1 1 1 2 2 2 -1 #SUP: 5454
3 5 5 5 5 6 7 7 1 1 1 1 1 1 2 -1 #SUP: 5467
3 5 5 5 5 6 7 7 1 1 1 1 1 2 2 -1 #SUP: 5624
3 5 5 5 5 6 7 7 1 1 1 1 2 2 2 -1 #SUP: 5576
3 5 5 5 5 6 7 7 7 1 1 1 1 1 1 -1 #SUP: 5477
3 5 5 5 5 6 7 7 7 1 1 1 1 1 2 -1 #SUP: 5650
3 5 5 5 5 6 7 7 7 1 1 1 1 2 1 -1 #SUP: 5374
3 5 5 5 5 6 7 7 7 1 1 1 1 2 2 -1 #SUP: 5713
3 5 5 5 5 6 7 7 7 1 1 1 2 1 2 -1 #SUP: 5413
3 5 5 5 5 6 7 7 7 1 1 1 2 2 2 -1 #SUP: 5588
3 5 5 5 5 6 7 7 7 7 1 1 1 1 1 -1 #SUP: 5581
3 5 5 5 5 6 7 7 7 7 1 1 1 1 2 -1 #SUP: 5671
3 5 5 5 5 6 7 7 7 7 1 1 1 2 1 -1 #SUP: 5388
3 5 5 5 5 6 7 7 7 7 1 1 1 2 2 -1 #SUP: 5659
3 5 5 5 5 6 7 7 7 7 1 1 2 1 2 -1 #SUP: 5371
3 5 5 5 5 6 7 7 7 7 1 1 2 2 2 -1 #SUP: 5527
3 5 5 5 5 6 7 7 7 7 7 1 1 1 1 -1 #SUP: 5472
3 5 5 5 5 6 7 7 7 7 7 1 1 1 2 -1 #SUP: 5487
3 5 5 5 5 6 7 7 7 7 7 1 1 2 2 -1 #SUP: 5461
3 5 5 5 5 7 7 1 1 1 1 1 1 2 2 -1 #SUP: 5400
3 5 5 5 5 7 7 1 1 1 1 1 2 2 2 -1 #SUP: 5451
3 5 5 5 5 7 7 7 1 1 1 1 1 1 2 -1 #SUP: 5447
3 5 5 5 5 7 7 7 1 1 1 1 1 2 2 -1 #SUP: 5605
3 5 5 5 5 7 7 7 1 1 1 1 2 2 2 -1 #SUP: 5557
3 5 5 5 5 7 7 7 7 1 1 1 1 1 1 -1 #SUP: 5398
3 5 5 5 5 7 7 7 7 1 1 1 1 1 2 -1 #SUP: 5573
3 5 5 5 5 7 7 7 7 1 1 1 1 2 2 -1 #SUP: 5637
3 5 5 5 5 7 7 7 7 1 1 1 2 2 2 -1 #SUP: 5518
3 5 5 5 5 7 7 7 7 7 1 1 1 1 1 -1 #SUP: 5377
3 5 5 5 5 7 7 7 7 7 1 1 1 1 2 -1 #SUP: 5467
3 5 5 5 5 7 7 7 7 7 1 1 1 2 2 -1 #SUP: 5457
3 5 5 5 6 6 6 1 1 1 1 1 2 2 2 -1 #SUP: 5356
3 5 5 5 6 6 6 7 1 1 1 1 1 1 2 -1 #SUP: 5346
3 5 5 5 6 6 6 7 1 1 1 1 1 2 2 -1 #SUP: 5515
3 5 5 5 6 6 6 7 1 1 1 1 2 2 2 -1 #SUP: 5486
3 5 5 5 6 6 6 7 7 1 1 1 1 1 1 -1 #SUP: 5369
3 5 5 5 6 6 6 7 7 1 1 1 1 1 2 -1 #SUP: 5544
3 5 5 5 6 6 6 7 7 1 1 1 1 2 2 -1 #SUP: 5615
3 5 5 5 6 6 6 7 7 1 1 1 2 2 2 -1 #SUP: 5509
3 5 5 5 6 6 6 7 7 7 1 1 1 1 1 -1 #SUP: 5525
3 5 5 5 6 6 6 7 7 7 1 1 1 1 2 -1 #SUP: 5615
3 5 5 5 6 6 6 7 7 7 1 1 1 2 2 -1 #SUP: 5609
3 5 5 5 6 6 6 7 7 7 1 1 2 2 2 -1 #SUP: 5489
3 5 5 5 6 6 6 7 7 7 7 1 1 1 1 -1 #SUP: 5534
3 5 5 5 6 6 6 7 7 7 7 1 1 1 2 -1 #SUP: 5547
3 5 5 5 6 6 6 7 7 7 7 1 1 2 2 -1 #SUP: 5527
3 5 5 5 6 6 6 7 7 7 7 1 2 2 2 -1 #SUP: 5408
3 5 5 5 6 6 7 1 1 1 1 1 1 2 2 -1 #SUP: 5404
3 5 5 5 6 6 7 1 1 1 1 1 2 2 2 -1 #SUP: 5455
3 5 5 5 6 6 7 7 1 1 1 1 1 1 2 -1 #SUP: 5462
3 5 5 5 6 6 7 7 1 1 1 1 1 2 2 -1 #SUP: 5625
3 5 5 5 6 6 7 7 1 1 1 1 2 2 2 -1 #SUP: 5580
3 5 5 5 6 6 7 7 7 1 1 1 1 1 1 -1 #SUP: 5472
3 5 5 5 6 6 7 7 7 1 1 1 1 1 2 -1 #SUP: 5649
3 5 5 5 6 6 7 7 7 1 1 1 1 2 1 -1 #SUP: 5374
3 5 5 5 6 6 7 7 7 1 1 1 1 2 2 -1 #SUP: 5715
3 5 5 5 6 6 7 7 7 1 1 1 2 1 2 -1 #SUP: 5414
3 5 5 5 6 6 7 7 7 1 1 1 2 2 2 -1 #SUP: 5592
3 5 5 5 6 6 7 7 7 7 1 1 1 1 1 -1 #SUP: 5575
3 5 5 5 6 6 7 7 7 7 1 1 1 1 2 -1 #SUP: 5668
3 5 5 5 6 6 7 7 7 7 1 1 1 2 1 -1 #SUP: 5385
3 5 5 5 6 6 7 7 7 7 1 1 1 2 2 -1 #SUP: 5657
3 5 5 5 6 6 7 7 7 7 1 1 2 1 2 -1 #SUP: 5368
3 5 5 5 6 6 7 7 7 7 1 1 2 2 2 -1 #SUP: 5526
3 5 5 5 6 6 7 7 7 7 7 1 1 1 1 -1 #SUP: 5463
3 5 5 5 6 6 7 7 7 7 7 1 1 1 2 -1 #SUP: 5478
3 5 5 5 6 6 7 7 7 7 7 1 1 2 2 -1 #SUP: 5454
3 5 5 5 6 7 7 1 1 1 1 1 1 2 2 -1 #SUP: 5408
3 5 5 5 6 7 7 1 1 1 1 1 2 2 2 -1 #SUP: 5462
3 5 5 5 6 7 7 7 1 1 1 1 1 1 2 -1 #SUP: 5455
3 5 5 5 6 7 7 7 1 1 1 1 1 2 2 -1 #SUP: 5617
3 5 5 5 6 7 7 7 1 1 1 1 2 2 2 -1 #SUP: 5572
3 5 5 5 6 7 7 7 7 1 1 1 1 1 1 -1 #SUP: 5407
3 5 5 5 6 7 7 7 7 1 1 1 1 1 2 -1 #SUP: 5585
3 5 5 5 6 7 7 7 7 1 1 1 1 2 2 -1 #SUP: 5651
3 5 5 5 6 7 7 7 7 1 1 1 2 1 2 -1 #SUP: 5349
3 5 5 5 6 7 7 7 7 1 1 1 2 2 2 -1 #SUP: 5534
3 5 5 5 6 7 7 7 7 7 1 1 1 1 1 -1 #SUP: 5391
3 5 5 5 6 7 7 7 7 7 1 1 1 1 2 -1 #SUP: 5484
3 5 5 5 6 7 7 7 7 7 1 1 1 2 2 -1 #SUP: 5474
3 5 5 5 6 7 7 7 7 7 1 1 2 2 2 -1 #SUP: 5349
3 5 5 5 7 7 7 1 1 1 1 1 1 2 2 -1 #SUP: 5388
3 5 5 5 7 7 7 1 1 1 1 1 2 2 2 -1 #SUP: 5443
3 5 5 5 7 7 7 7 1 1 1 1 1 1 2 -1 #SUP: 5378
3 5 5 5 7 7 7 7 1 1 1 1 1 2 2 -1 #SUP: 5542
3 5 5 5 7 7 7 7 1 1 1 1 2 2 2 -1 #SUP: 5501
3 5 5 5 7 7 7 7 7 1 1 1 1 1 2 -1 #SUP: 5382
3 5 5 5 7 7 7 7 7 1 1 1 1 2 2 -1 #SUP: 5449
3 5 5 6 6 6 7 1 1 1 1 1 2 2 2 -1 #SUP: 5363
3 5 5 6 6 6 7 7 1 1 1 1 1 2 2 -1 #SUP: 5510
3 5 5 6 6 6 7 7 1 1 1 1 2 2 2 -1 #SUP: 5485
3 5 5 6 6 6 7 7 7 1 1 1 1 1 2 -1 #SUP: 5519
3 5 5 6 6 6 7 7 7 1 1 1 1 2 2 -1 #SUP: 5590
3 5 5 6 6 6 7 7 7 1 1 1 2 2 2 -1 #SUP: 5485
3 5 5 6 6 6 7 7 7 7 1 1 1 1 1 -1 #SUP: 5443
3 5 5 6 6 6 7 7 7 7 1 1 1 1 2 -1 #SUP: 5535
3 5 5 6 6 6 7 7 7 7 1 1 1 2 2 -1 #SUP: 5529
3 5 5 6 6 6 7 7 7 7 1 1 2 2 2 -1 #SUP: 5417
3 5 5 6 6 7 7 1 1 1 1 1 1 2 2 -1 #SUP: 5397
3 5 5 6 6 7 7 1 1 1 1 1 2 2 2 -1 #SUP: 5452
3 5 5 6 6 7 7 7 1 1 1 1 1 1 2 -1 #SUP: 5442
3 5 5 6 6 7 7 7 1 1 1 1 1 2 2 -1 #SUP: 5605
3 5 5 6 6 7 7 7 1 1 1 1 2 2 2 -1 #SUP: 5562
3 5 5 6 6 7 7 7 7 1 1 1 1 1 1 -1 #SUP: 5390
3 5 5 6 6 7 7 7 7 1 1 1 1 1 2 -1 #SUP: 5568
3 5 5 6 6 7 7 7 7 1 1 1 1 2 2 -1 #SUP: 5636
3 5 5 6 6 7 7 7 7 1 1 1 2 2 2 -1 #SUP: 5520
3 5 5 6 6 7 7 7 7 7 1 1 1 1 1 -1 #SUP: 5365
3 5 5 6 6 7 7 7 7 7 1 1 1 1 2 -1 #SUP: 5459
3 5 5 6 6 7 7 7 7 7 1 1 1 2 2 -1 #SUP: 5451
3 5 5 6 7 7 7 1 1 1 1 1 1 2 2 -1 #SUP: 5388
3 5 5 6 7 7 7 1 1 1 1 1 2 2 2 -1 #SUP: 5443
3 5 5 6 7 7 7 7 1 1 1 1 1 1 2 -1 #SUP: 5378
3 5 5 6 7 7 7 7 1 1 1 1 1 2 2 -1 #SUP: 5541
3 5 5 6 7 7 7 7 1 1 1 1 2 2 2 -1 #SUP: 5502
3 5 5 6 7 7 7 7 7 1 1 1 1 1 2 -1 #SUP: 5383
3 5 5 6 7 7 7 7 7 1 1 1 1 2 2 -1 #SUP: 5451
3 5 5 7 7 7 7 1 1 1 1 1 2 2 2 -1 #SUP: 5375
3 5 6 6 6 7 7 1 1 1 1 1 2 2 2 -1 #SUP: 5362
3 5 6 6 6 7 7 7 1 1 1 1 1 2 2 -1 #SUP: 5487
3 5 6 6 6 7 7 7 1 1 1 1 2 2 2 -1 #SUP: 5461
3 5 6 6 6 7 7 7 7 1 1 1 1 1 2 -1 #SUP: 5443
3 5 6 6 6 7 7 7 7 1 1 1 1 2 2 -1 #SUP: 5515
3 5 6 6 6 7 7 7 7 1 1 1 2 2 2 -1 #SUP: 5416
3 5 6 6 7 7 7 1 1 1 1 1 1 2 2 -1 #SUP: 5373
3 5 6 6 7 7 7 1 1 1 1 1 2 2 2 -1 #SUP: 5429
3 5 6 6 7 7 7 7 1 1 1 1 1 1 2 -1 #SUP: 5358
3 5 6 6 7 7 7 7 1 1 1 1 1 2 2 -1 #SUP: 5522
3 5 6 6 7 7 7 7 1 1 1 1 2 2 2 -1 #SUP: 5485
3 5 6 6 7 7 7 7 7 1 1 1 1 1 2 -1 #SUP: 5355
3 5 6 6 7 7 7 7 7 1 1 1 1 2 2 -1 #SUP: 5426
3 5 6 7 7 7 7 1 1 1 1 1 2 2 2 -1 #SUP: 5370
3 6 6 6 7 7 7 7 1 1 1 1 1 2 2 -1 #SUP: 5401
3 6 6 6 7 7 7 7 1 1 1 1 2 2 2 -1 #SUP: 5381
3 6 6 7 7 7 7 1 1 1 1 1 2 2 2 -1 #SUP: 5353
4 5 5 5 5 5 5 6 1 1 1 1 1 2 2 -1 #SUP: 5369
4 5 5 5 5 5 5 6 6 1 1 1 1 1 2 -1 #SUP: 5369
4 5 5 5 5 5 5 6 6 1 1 1 1 2 2 -1 #SUP: 5409
4 5 5 5 5 5 5 6 6 7 1 1 1 1 1 -1 #SUP: 5381
4 5 5 5 5 5 5 6 6 7 1 1 1 1 2 -1 #SUP: 5446
4 5 5 5 5 5 5 6 6 7 1 1 1 2 2 -1 #SUP: 5429
4 5 5 5 5 5 5 6 6 7 7 1 1 1 1 -1 #SUP: 5448
4 5 5 5 5 5 5 6 6 7 7 1 1 1 2 -1 #SUP: 5452
4 5 5 5 5 5 5 6 6 7 7 1 1 2 2 -1 #SUP: 5424
4 5 5 5 5 5 5 6 6 7 7 7 1 1 1 -1 #SUP: 5432
4 5 5 5 5 5 5 6 6 7 7 7 1 1 2 -1 #SUP: 5430
4 5 5 5 5 5 5 6 6 7 7 7 1 2 2 -1 #SUP: 5397
4 5 5 5 5 5 5 6 6 7 7 7 7 1 1 -1 #SUP: 5351
4 5 5 5 5 5 5 6 6 7 7 7 7 1 2 -1 #SUP: 5346
4 5 5 5 5 5 5 6 7 1 1 1 1 1 2 -1 #SUP: 5411
4 5 5 5 5 5 5 6 7 1 1 1 1 2 2 -1 #SUP: 5450
4 5 5 5 5 5 5 6 7 7 1 1 1 1 1 -1 #SUP: 5413
4 5 5 5 5 5 5 6 7 7 1 1 1 1 2 -1 #SUP: 5478
4 5 5 5 5 5 5 6 7 7 1 1 1 2 2 -1 #SUP: 5460
4 5 5 5 5 5 5 6 7 7 7 1 1 1 1 -1 #SUP: 5464
4 5 5 5 5 5 5 6 7 7 7 1 1 1 2 -1 #SUP: 5469
4 5 5 5 5 5 5 6 7 7 7 1 1 2 2 -1 #SUP: 5440
4 5 5 5 5 5 5 6 7 7 7 7 1 1 1 -1 #SUP: 5390
4 5 5 5 5 5 5 6 7 7 7 7 1 1 2 -1 #SUP: 5390
4 5 5 5 5 5 5 6 7 7 7 7 1 2 2 -1 #SUP: 5358
4 5 5 5 5 5 5 7 1 1 1 1 1 2 2 -1 #SUP: 5372
4 5 5 5 5 5 5 7 7 1 1 1 1 1 2 -1 #SUP: 5406
4 5 5 5 5 5 5 7 7 1 1 1 1 2 2 -1 #SUP: 5445
4 5 5 5 5 5 5 7 7 7 1 1 1 1 1 -1 #SUP: 5393
4 5 5 5 5 5 5 7 7 7 1 1 1 1 2 -1 #SUP: 5459
4 5 5 5 5 5 5 7 7 7 1 1 1 2 2 -1 #SUP: 5441
4 5 5 5 5 5 5 7 7 7 7 1 1 1 1 -1 #SUP: 5391
4 5 5 5 5 5 5 7 7 7 7 1 1 1 2 -1 #SUP: 5397
4 5 5 5 5 5 5 7 7 7 7 1 1 2 2 -1 #SUP: 5371
4 5 5 5 5 5 6 6 1 1 1 1 1 2 2 -1 #SUP: 5480
4 5 5 5 5 5 6 6 1 1 1 1 2 2 2 -1 #SUP: 5420
4 5 5 5 5 5 6 6 6 1 1 1 1 1 2 -1 #SUP: 5374
4 5 5 5 5 5 6 6 6 1 1 1 1 2 2 -1 #SUP: 5428
4 5 5 5 5 5 6 6 6 7 1 1 1 1 1 -1 #SUP: 5386
4 5 5 5 5 5 6 6 6 7 1 1 1 1 2 -1 #SUP: 5460
4 5 5 5 5 5 6 6 6 7 1 1 1 2 2 -1 #SUP: 5451
4 5 5 5 5 5 6 6 6 7 7 1 1 1 1 -1 #SUP: 5457
4 5 5 5 5 5 6 6 6 7 7 1 1 1 2 -1 #SUP: 5463
4 5 5 5 5 5 6 6 6 7 7 1 1 2 2 -1 #SUP: 5442
4 5 5 5 5 5 6 6 6 7 7 7 1 1 1 -1 #SUP: 5438
4 5 5 5 5 5 6 6 6 7 7 7 1 1 2 -1 #SUP: 5437
4 5 5 5 5 5 6 6 6 7 7 7 1 2 2 -1 #SUP: 5410
4 5 5 5 5 5 6 6 6 7 7 7 7 1 1 -1 #SUP: 5346
4 5 5 5 5 5 6 6 7 1 1 1 1 1 1 -1 #SUP: 5371
4 5 5 5 5 5 6 6 7 1 1 1 1 1 2 -1 #SUP: 5526
4 5 5 5 5 5 6 6 7 1 1 1 1 2 2 -1 #SUP: 5577
4 5 5 5 5 5 6 6 7 1 1 1 2 2 2 -1 #SUP: 5450
4 5 5 5 5 5 6 6 7 7 1 1 1 1 1 -1 #SUP: 5526
4 5 5 5 5 5 6 6 7 7 1 1 1 1 2 -1 #SUP: 5603
4 5 5 5 5 5 6 6 7 7 1 1 1 2 2 -1 #SUP: 5588
4 5 5 5 5 5 6 6 7 7 1 1 2 2 2 -1 #SUP: 5449
4 5 5 5 5 5 6 6 7 7 7 1 1 1 1 -1 #SUP: 5589
4 5 5 5 5 5 6 6 7 7 7 1 1 1 2 -1 #SUP: 5597
4 5 5 5 5 5 6 6 7 7 7 1 1 2 2 -1 #SUP: 5569
4 5 5 5 5 5 6 6 7 7 7 1 2 2 2 -1 #SUP: 5425
4 5 5 5 5 5 6 6 7 7 7 7 1 1 1 -1 #SUP: 5515
4 5 5 5 5 5 6 6 7 7 7 7 1 1 2 -1 #SUP: 5516
4 5 5 5 5 5 6 6 7 7 7 7 1 2 2 -1 #SUP: 5484
4 5 5 5 5 5 6 6 7 7 7 7 2 2 2 -1 #SUP: 5346
4 5 5 5 5 5 6 7 1 1 1 1 1 1 2 -1 #SUP: 5365
4 5 5 5 5 5 6 7 1 1 1 1 1 2 2 -1 #SUP: 5504
4 5 5 5 5 5 6 7 1 1 1 1 2 2 2 -1 #SUP: 5443
4 5 5 5 5 5 6 7 7 1 1 1 1 1 1 -1 #SUP: 5384
4 5 5 5 5 5 6 7 7 1 1 1 1 1 2 -1 #SUP: 5540
4 5 5 5 5 5 6 7 7 1 1 1 1 2 2 -1 #SUP: 5590
4 5 5 5 5 5 6 7 7 1 1 1 2 2 2 -1 #SUP: 5465
4 5 5 5 5 5 6 7 7 7 1 1 1 1 1 -1 #SUP: 5527
4 5 5 5 5 5 6 7 7 7 1 1 1 1 2 -1 #SUP: 5605
4 5 5 5 5 5 6 7 7 7 1 1 1 2 2 -1 #SUP: 5590
4 5 5 5 5 5 6 7 7 7 1 1 2 2 2 -1 #SUP: 5451
4 5 5 5 5 5 6 7 7 7 7 1 1 1 1 -1 #SUP: 5533
4 5 5 5 5 5 6 7 7 7 7 1 1 1 2 -1 #SUP: 5543
4 5 5 5 5 5 6 7 7 7 7 1 1 2 2 -1 #SUP: 5516
4 5 5 5 5 5 6 7 7 7 7 1 2 2 2 -1 #SUP: 5378
4 5 5 5 5 5 6 7 7 7 7 7 1 1 1 -1 #SUP: 5351
4 5 5 5 5 5 6 7 7 7 7 7 1 1 2 -1 #SUP: 5352
4 5 5 5 5 5 7 7 1 1 1 1 1 1 2 -1 #SUP: 5354
4 5 5 5 5 5 7 7 1 1 1 1 1 2 2 -1 #SUP: 5495
4 5 5 5 5 5 7 7 1 1 1 1 2 2 2 -1 #SUP: 5436
4 5 5 5 5 5 7 7 7 1 1 1 1 1 1 -1 #SUP: 5359
4 5 5 5 5 5 7 7 7 1 1 1 1 1 2 -1 #SUP: 5517
4 5 5 5 5 5 7 7 7 1 1 1 1 2 2 -1 #SUP: 5567
4 5 5 5 5 5 7 7 7 1 1 1 2 2 2 -1 #SUP: 5444
4 5 5 5 5 5 7 7 7 7 1 1 1 1 1 -1 #SUP: 5449
4 5 5 5 5 5 7 7 7 7 1 1 1 1 2 -1 #SUP: 5528
4 5 5 5 5 5 7 7 7 7 1 1 1 2 2 -1 #SUP: 5514
4 5 5 5 5 5 7 7 7 7 1 1 2 2 2 -1 #SUP: 5382
4 5 5 5 5 5 7 7 7 7 7 1 1 1 2 -1 #SUP: 5350
4 5 5 5 5 6 6 1 1 1 1 1 2 2 2 -1 #SUP: 5352
4 5 5 5 5 6 6 6 1 1 1 1 1 2 2 -1 #SUP: 5404
4 5 5 5 5 6 6 6 1 1 1 1 2 2 2 -1 #SUP: 5367
4 5 5 5 5 6 6 6 7 1 1 1 1 1 2 -1 #SUP: 5443
4 5 5 5 5 6 6 6 7 1 1 1 1 2 2 -1 #SUP: 5506
4 5 5 5 5 6 6 6 7 1 1 1 2 2 2 -1 #SUP: 5396
4 5 5 5 5 6 6 6 7 7 1 1 1 1 1 -1 #SUP: 5443
4 5 5 5 5 6 6 6 7 7 1 1 1 1 2 -1 #SUP: 5524
4 5 5 5 5 6 6 6 7 7 1 1 1 2 2 -1 #SUP: 5516
4 5 5 5 5 6 6 6 7 7 1 1 2 2 2 -1 #SUP: 5396
4 5 5 5 5 6 6 6 7 7 7 1 1 1 1 -1 #SUP: 5502
4 5 5 5 5 6 6 6 7 7 7 1 1 1 2 -1 #SUP: 5510
4 5 5 5 5 6 6 6 7 7 7 1 1 2 2 -1 #SUP: 5490
4 5 5 5 5 6 6 6 7 7 7 1 2 2 2 -1 #SUP: 5363
4 5 5 5 5 6 6 6 7 7 7 7 1 1 1 -1 #SUP: 5424
4 5 5 5 5 6 6 6 7 7 7 7 1 1 2 -1 #SUP: 5426
4 5 5 5 5 6 6 6 7 7 7 7 1 2 2 -1 #SUP: 5400
4 5 5 5 5 6 6 7 1 1 1 1 1 1 2 -1 #SUP: 5382
4 5 5 5 5 6 6 7 1 1 1 1 1 2 2 -1 #SUP: 5530
4 5 5 5 5 6 6 7 1 1 1 1 2 2 2 -1 #SUP: 5477
4 5 5 5 5 6 6 7 7 1 1 1 1 1 1 -1 #SUP: 5401
4 5 5 5 5 6 6 7 7 1 1 1 1 1 2 -1 #SUP: 5565
4 5 5 5 5 6 6 7 7 1 1 1 1 2 2 -1 #SUP: 5624
4 5 5 5 5 6 6 7 7 1 1 1 2 2 2 -1 #SUP: 5500
4 5 5 5 5 6 6 7 7 7 1 1 1 1 1 -1 #SUP: 5552
4 5 5 5 5 6 6 7 7 7 1 1 1 1 2 -1 #SUP: 5637
4 5 5 5 5 6 6 7 7 7 1 1 1 2 1 -1 #SUP: 5366
4 5 5 5 5 6 6 7 7 7 1 1 1 2 2 -1 #SUP: 5625
4 5 5 5 5 6 6 7 7 7 1 1 2 1 2 -1 #SUP: 5348
4 5 5 5 5 6 6 7 7 7 1 1 2 2 2 -1 #SUP: 5487
4 5 5 5 5 6 6 7 7 7 7 1 1 1 1 -1 #SUP: 5563
4 5 5 5 5 6 6 7 7 7 7 1 1 1 2 -1 #SUP: 5575
4 5 5 5 5 6 6 7 7 7 7 1 1 2 2 -1 #SUP: 5550
4 5 5 5 5 6 6 7 7 7 7 1 2 2 2 -1 #SUP: 5412
4 5 5 5 5 6 6 7 7 7 7 7 1 1 1 -1 #SUP: 5369
4 5 5 5 5 6 6 7 7 7 7 7 1 1 2 -1 #SUP: 5371
4 5 5 5 5 6 7 1 1 1 1 1 2 2 2 -1 #SUP: 5368
4 5 5 5 5 6 7 7 1 1 1 1 1 1 2 -1 #SUP: 5387
4 5 5 5 5 6 7 7 1 1 1 1 1 2 2 -1 #SUP: 5535
4 5 5 5 5 6 7 7 1 1 1 1 2 2 2 -1 #SUP: 5483
4 5 5 5 5 6 7 7 7 1 1 1 1 1 1 -1 #SUP: 5394
4 5 5 5 5 6 7 7 7 1 1 1 1 1 2 -1 #SUP: 5559
4 5 5 5 5 6 7 7 7 1 1 1 1 2 2 -1 #SUP: 5617
4 5 5 5 5 6 7 7 7 1 1 1 2 2 2 -1 #SUP: 5493
4 5 5 5 5 6 7 7 7 7 1 1 1 1 1 -1 #SUP: 5493
4 5 5 5 5 6 7 7 7 7 1 1 1 1 2 -1 #SUP: 5579
4 5 5 5 5 6 7 7 7 7 1 1 1 2 2 -1 #SUP: 5567
4 5 5 5 5 6 7 7 7 7 1 1 2 2 2 -1 #SUP: 5435
4 5 5 5 5 6 7 7 7 7 7 1 1 1 1 -1 #SUP: 5384
4 5 5 5 5 6 7 7 7 7 7 1 1 1 2 -1 #SUP: 5398
4 5 5 5 5 6 7 7 7 7 7 1 1 2 2 -1 #SUP: 5373
4 5 5 5 5 7 7 1 1 1 1 1 2 2 2 -1 #SUP: 5362
4 5 5 5 5 7 7 7 1 1 1 1 1 1 2 -1 #SUP: 5365
4 5 5 5 5 7 7 7 1 1 1 1 1 2 2 -1 #SUP: 5514
4 5 5 5 5 7 7 7 1 1 1 1 2 2 2 -1 #SUP: 5462
4 5 5 5 5 7 7 7 7 1 1 1 1 1 2 -1 #SUP: 5485
4 5 5 5 5 7 7 7 7 1 1 1 1 2 2 -1 #SUP: 5544
4 5 5 5 5 7 7 7 7 1 1 1 2 2 2 -1 #SUP: 5425
4 5 5 5 5 7 7 7 7 7 1 1 1 1 2 -1 #SUP: 5377
4 5 5 5 5 7 7 7 7 7 1 1 1 2 2 -1 #SUP: 5367
4 5 5 5 6 6 6 7 1 1 1 1 1 2 2 -1 #SUP: 5431
4 5 5 5 6 6 6 7 1 1 1 1 2 2 2 -1 #SUP: 5399
4 5 5 5 6 6 6 7 7 1 1 1 1 1 2 -1 #SUP: 5456
4 5 5 5 6 6 6 7 7 1 1 1 1 2 2 -1 #SUP: 5523
4 5 5 5 6 6 6 7 7 1 1 1 2 2 2 -1 #SUP: 5418
4 5 5 5 6 6 6 7 7 7 1 1 1 1 1 -1 #SUP: 5437
4 5 5 5 6 6 6 7 7 7 1 1 1 1 2 -1 #SUP: 5524
4 5 5 5 6 6 6 7 7 7 1 1 1 2 2 -1 #SUP: 5518
4 5 5 5 6 6 6 7 7 7 1 1 2 2 2 -1 #SUP: 5399
4 5 5 5 6 6 6 7 7 7 7 1 1 1 1 -1 #SUP: 5442
4 5 5 5 6 6 6 7 7 7 7 1 1 1 2 -1 #SUP: 5454
4 5 5 5 6 6 6 7 7 7 7 1 1 2 2 -1 #SUP: 5435
4 5 5 5 6 6 7 1 1 1 1 1 2 2 2 -1 #SUP: 5376
4 5 5 5 6 6 7 7 1 1 1 1 1 1 2 -1 #SUP: 5390
4 5 5 5 6 6 7 7 1 1 1 1 1 2 2 -1 #SUP: 5544
4 5 5 5 6 6 7 7 1 1 1 1 2 2 2 -1 #SUP: 5497
4 5 5 5 6 6 7 7 7 1 1 1 1 1 1 -1 #SUP: 5396
4 5 5 5 6 6 7 7 7 1 1 1 1 1 2 -1 #SUP: 5565
4 5 5 5 6 6 7 7 7 1 1 1 1 2 2 -1 #SUP: 5628
4 5 5 5 6 6 7 7 7 1 1 1 2 2 2 -1 #SUP: 5506
4 5 5 5 6 6 7 7 7 7 1 1 1 1 1 -1 #SUP: 5492
4 5 5 5 6 6 7 7 7 7 1 1 1 1 2 -1 #SUP: 5583
4 5 5 5 6 6 7 7 7 7 1 1 1 2 2 -1 #SUP: 5572
4 5 5 5 6 6 7 7 7 7 1 1 2 2 2 -1 #SUP: 5441
4 5 5 5 6 6 7 7 7 7 7 1 1 1 1 -1 #SUP: 5380
4 5 5 5 6 6 7 7 7 7 7 1 1 1 2 -1 #SUP: 5394
4 5 5 5 6 6 7 7 7 7 7 1 1 2 2 -1 #SUP: 5371
4 5 5 5 6 7 7 1 1 1 1 1 2 2 2 -1 #SUP: 5383
4 5 5 5 6 7 7 7 1 1 1 1 1 1 2 -1 #SUP: 5383
4 5 5 5 6 7 7 7 1 1 1 1 1 2 2 -1 #SUP: 5536
4 5 5 5 6 7 7 7 1 1 1 1 2 2 2 -1 #SUP: 5489
4 5 5 5 6 7 7 7 7 1 1 1 1 1 2 -1 #SUP: 5506
4 5 5 5 6 7 7 7 7 1 1 1 1 2 2 -1 #SUP: 5569
4 5 5 5 6 7 7 7 7 1 1 1 2 2 2 -1 #SUP: 5452
4 5 5 5 6 7 7 7 7 7 1 1 1 1 2 -1 #SUP: 5404
4 5 5 5 6 7 7 7 7 7 1 1 1 2 2 -1 #SUP: 5394
4 5 5 5 7 7 7 1 1 1 1 1 2 2 2 -1 #SUP: 5363
4 5 5 5 7 7 7 7 1 1 1 1 1 2 2 -1 #SUP: 5464
4 5 5 5 7 7 7 7 1 1 1 1 2 2 2 -1 #SUP: 5421
4 5 5 5 7 7 7 7 7 1 1 1 1 2 2 -1 #SUP: 5368
4 5 5 6 6 6 7 7 1 1 1 1 1 2 2 -1 #SUP: 5426
4 5 5 6 6 6 7 7 1 1 1 1 2 2 2 -1 #SUP: 5397
4 5 5 6 6 6 7 7 7 1 1 1 1 1 2 -1 #SUP: 5434
4 5 5 6 6 6 7 7 7 1 1 1 1 2 2 -1 #SUP: 5502
4 5 5 6 6 6 7 7 7 1 1 1 2 2 2 -1 #SUP: 5399
4 5 5 6 6 6 7 7 7 7 1 1 1 1 1 -1 #SUP: 5358
4 5 5 6 6 6 7 7 7 7 1 1 1 1 2 -1 #SUP: 5446
4 5 5 6 6 6 7 7 7 7 1 1 1 2 2 -1 #SUP: 5442
4 5 5 6 6 7 7 1 1 1 1 1 2 2 2 -1 #SUP: 5374
4 5 5 6 6 7 7 7 1 1 1 1 1 1 2 -1 #SUP: 5370
4 5 5 6 6 7 7 7 1 1 1 1 1 2 2 -1 #SUP: 5525
4 5 5 6 6 7 7 7 1 1 1 1 2 2 2 -1 #SUP: 5480
4 5 5 6 6 7 7 7 7 1 1 1 1 1 2 -1 #SUP: 5493
4 5 5 6 6 7 7 7 7 1 1 1 1 2 2 -1 #SUP: 5558
4 5 5 6 6 7 7 7 7 1 1 1 2 2 2 -1 #SUP: 5443
4 5 5 6 6 7 7 7 7 7 1 1 1 1 2 -1 #SUP: 5379
4 5 5 6 6 7 7 7 7 7 1 1 1 2 2 -1 #SUP: 5372
4 5 5 6 7 7 7 1 1 1 1 1 2 2 2 -1 #SUP: 5365
4 5 5 6 7 7 7 7 1 1 1 1 1 2 2 -1 #SUP: 5466
4 5 5 6 7 7 7 7 1 1 1 1 2 2 2 -1 #SUP: 5425
4 5 5 6 7 7 7 7 7 1 1 1 1 2 2 -1 #SUP: 5374
4 5 6 6 6 7 7 7 1 1 1 1 1 2 2 -1 #SUP: 5398
4 5 6 6 6 7 7 7 1 1 1 1 2 2 2 -1 #SUP: 5372
4 5 6 6 6 7 7 7 7 1 1 1 1 1 2 -1 #SUP: 5354
4 5 6 6 6 7 7 7 7 1 1 1 1 2 2 -1 #SUP: 5423
4 5 6 6 7 7 7 1 1 1 1 1 2 2 2 -1 #SUP: 5350
4 5 6 6 7 7 7 7 1 1 1 1 1 2 2 -1 #SUP: 5447
4 5 6 6 7 7 7 7 1 1 1 1 2 2 2 -1 #SUP: 5408
4 5 6 6 7 7 7 7 7 1 1 1 1 2 2 -1 #SUP: 5346
5 5 5 5 5 5 5 6 6 7 1 1 1 1 2 -1 #SUP: 5364
5 5 5 5 5 5 5 6 6 7 7 1 1 1 1 -1 #SUP: 5364
5 5 5 5 5 5 5 6 6 7 7 1 1 1 2 -1 #SUP: 5363
5 5 5 5 5 5 5 6 7 1 1 1 1 1 2 -1 #SUP: 5352
5 5 5 5 5 5 5 6 7 1 1 1 1 2 2 -1 #SUP: 5380
5 5 5 5 5 5 5 6 7 7 1 1 1 1 1 -1 #SUP: 5355
5 5 5 5 5 5 5 6 7 7 1 1 1 1 2 -1 #SUP: 5406
5 5 5 5 5 5 5 6 7 7 1 1 1 2 2 -1 #SUP: 5382
5 5 5 5 5 5 5 6 7 7 7 1 1 1 1 -1 #SUP: 5392
5 5 5 5 5 5 5 6 7 7 7 1 1 1 2 -1 #SUP: 5391
5 5 5 5 5 5 5 6 7 7 7 1 1 2 2 -1 #SUP: 5361
5 5 5 5 5 5 5 7 7 1 1 1 1 1 2 -1 #SUP: 5349
5 5 5 5 5 5 5 7 7 1 1 1 1 2 2 -1 #SUP: 5378
5 5 5 5 5 5 5 7 7 7 1 1 1 1 2 -1 #SUP: 5393
5 5 5 5 5 5 5 7 7 7 1 1 1 2 2 -1 #SUP: 5369
5 5 5 5 5 5 6 1 1 1 1 1 1 2 2 -1 #SUP: 5363
5 5 5 5 5 5 6 1 1 1 1 1 2 2 2 -1 #SUP: 5390
5 5 5 5 5 5 6 6 1 1 1 1 1 1 2 -1 #SUP: 5396
5 5 5 5 5 5 6 6 1 1 1 1 1 2 2 -1 #SUP: 5533
5 5 5 5 5 5 6 6 1 1 1 1 2 2 2 -1 #SUP: 5472
5 5 5 5 5 5 6 6 6 1 1 1 1 1 2 -1 #SUP: 5410
5 5 5 5 5 5 6 6 6 1 1 1 1 2 2 -1 #SUP: 5467
5 5 5 5 5 5 6 6 6 1 1 1 2 2 2 -1 #SUP: 5356
5 5 5 5 5 5 6 6 6 7 1 1 1 1 1 -1 #SUP: 5424
5 5 5 5 5 5 6 6 6 7 1 1 1 1 2 -1 #SUP: 5496
5 5 5 5 5 5 6 6 6 7 1 1 1 2 2 -1 #SUP: 5486
5 5 5 5 5 5 6 6 6 7 1 1 2 2 2 -1 #SUP: 5366
5 5 5 5 5 5 6 6 6 7 7 1 1 1 1 -1 #SUP: 5494
5 5 5 5 5 5 6 6 6 7 7 1 1 1 2 -1 #SUP: 5497
5 5 5 5 5 5 6 6 6 7 7 1 1 2 2 -1 #SUP: 5477
5 5 5 5 5 5 6 6 6 7 7 1 2 2 2 -1 #SUP: 5353
5 5 5 5 5 5 6 6 6 7 7 7 1 1 1 -1 #SUP: 5469
5 5 5 5 5 5 6 6 6 7 7 7 1 1 2 -1 #SUP: 5467
5 5 5 5 5 5 6 6 6 7 7 7 1 2 2 -1 #SUP: 5441
5 5 5 5 5 5 6 6 6 7 7 7 7 1 1 -1 #SUP: 5370
5 5 5 5 5 5 6 6 6 7 7 7 7 1 2 -1 #SUP: 5364
5 5 5 5 5 5 6 6 7 1 1 1 1 1 1 -1 #SUP: 5430
5 5 5 5 5 5 6 6 7 1 1 1 1 1 2 -1 #SUP: 5578
5 5 5 5 5 5 6 6 7 1 1 1 1 2 2 -1 #SUP: 5631
5 5 5 5 5 5 6 6 7 1 1 1 2 1 2 -1 #SUP: 5355
5 5 5 5 5 5 6 6 7 1 1 1 2 2 2 -1 #SUP: 5500
5 5 5 5 5 5 6 6 7 7 1 1 1 1 1 -1 #SUP: 5581
5 5 5 5 5 5 6 6 7 7 1 1 1 1 2 -1 #SUP: 5656
5 5 5 5 5 5 6 6 7 7 1 1 1 2 1 -1 #SUP: 5396
5 5 5 5 5 5 6 6 7 7 1 1 1 2 2 -1 #SUP: 5640
5 5 5 5 5 5 6 6 7 7 1 1 2 1 2 -1 #SUP: 5376
5 5 5 5 5 5 6 6 7 7 1 1 2 2 2 -1 #SUP: 5501
5 5 5 5 5 5 6 6 7 7 7 1 1 1 1 -1 #SUP: 5641
5 5 5 5 5 5 6 6 7 7 7 1 1 1 2 -1 #SUP: 5646
5 5 5 5 5 5 6 6 7 7 7 1 1 2 1 -1 #SUP: 5398
5 5 5 5 5 5 6 6 7 7 7 1 1 2 2 -1 #SUP: 5619
5 5 5 5 5 5 6 6 7 7 7 1 2 1 2 -1 #SUP: 5354
5 5 5 5 5 5 6 6 7 7 7 1 2 2 2 -1 #SUP: 5475
5 5 5 5 5 5 6 6 7 7 7 7 1 1 1 -1 #SUP: 5559
5 5 5 5 5 5 6 6 7 7 7 7 1 1 2 -1 #SUP: 5559
5 5 5 5 5 5 6 6 7 7 7 7 1 2 2 -1 #SUP: 5528
5 5 5 5 5 5 6 6 7 7 7 7 2 2 2 -1 #SUP: 5391
5 5 5 5 5 5 6 7 1 1 1 1 1 1 2 -1 #SUP: 5427
5 5 5 5 5 5 6 7 1 1 1 1 1 2 2 -1 #SUP: 5565
5 5 5 5 5 5 6 7 1 1 1 1 2 2 2 -1 #SUP: 5503
5 5 5 5 5 5 6 7 7 1 1 1 1 1 1 -1 #SUP: 5449
5 5 5 5 5 5 6 7 7 1 1 1 1 1 2 -1 #SUP: 5601
5 5 5 5 5 5 6 7 7 1 1 1 1 2 2 -1 #SUP: 5652
5 5 5 5 5 5 6 7 7 1 1 1 2 1 2 -1 #SUP: 5375
5 5 5 5 5 5 6 7 7 1 1 1 2 2 2 -1 #SUP: 5523
5 5 5 5 5 5 6 7 7 7 1 1 1 1 1 -1 #SUP: 5590
5 5 5 5 5 5 6 7 7 7 1 1 1 1 2 -1 #SUP: 5666
5 5 5 5 5 5 6 7 7 7 1 1 1 2 1 -1 #SUP: 5401
5 5 5 5 5 5 6 7 7 7 1 1 1 2 2 -1 #SUP: 5649
5 5 5 5 5 5 6 7 7 7 1 1 2 1 2 -1 #SUP: 5381
5 5 5 5 5 5 6 7 7 7 1 1 2 2 2 -1 #SUP: 5510
5 5 5 5 5 5 6 7 7 7 7 1 1 1 1 -1 #SUP: 5582
5 5 5 5 5 5 6 7 7 7 7 1 1 1 2 -1 #SUP: 5588
5 5 5 5 5 5 6 7 7 7 7 1 1 2 2 -1 #SUP: 5562
5 5 5 5 5 5 6 7 7 7 7 1 2 2 2 -1 #SUP: 5425
5 5 5 5 5 5 6 7 7 7 7 7 1 1 1 -1 #SUP: 5392
5 5 5 5 5 5 6 7 7 7 7 7 1 1 2 -1 #SUP: 5392
5 5 5 5 5 5 6 7 7 7 7 7 1 2 2 -1 #SUP: 5360
5 5 5 5 5 5 7 1 1 1 1 1 1 2 2 -1 #SUP: 5366
5 5 5 5 5 5 7 1 1 1 1 1 2 2 2 -1 #SUP: 5394
5 5 5 5 5 5 7 7 1 1 1 1 1 1 2 -1 #SUP: 5418
5 5 5 5 5 5 7 7 1 1 1 1 1 2 2 -1 #SUP: 5558
5 5 5 5 5 5 7 7 1 1 1 1 2 2 2 -1 #SUP: 5498
5 5 5 5 5 5 7 7 7 1 1 1 1 1 1 -1 #SUP: 5427
5 5 5 5 5 5 7 7 7 1 1 1 1 1 2 -1 #SUP: 5581
5 5 5 5 5 5 7 7 7 1 1 1 1 2 2 -1 #SUP: 5632
5 5 5 5 5 5 7 7 7 1 1 1 2 1 2 -1 #SUP: 5354
5 5 5 5 5 5 7 7 7 1 1 1 2 2 2 -1 #SUP: 5505
5 5 5 5 5 5 7 7 7 7 1 1 1 1 1 -1 #SUP: 5505
5 5 5 5 5 5 7 7 7 7 1 1 1 1 2 -1 #SUP: 5582
5 5 5 5 5 5 7 7 7 7 1 1 1 2 2 -1 #SUP: 5566
5 5 5 5 5 5 7 7 7 7 1 1 2 2 2 -1 #SUP: 5435
5 5 5 5 5 5 7 7 7 7 7 1 1 1 1 -1 #SUP: 5387
5 5 5 5 5 5 7 7 7 7 7 1 1 1 2 -1 #SUP: 5395
5 5 5 5 5 5 7 7 7 7 7 1 1 2 2 -1 #SUP: 5371
5 5 5 5 5 6 6 1 1 1 1 1 1 2 2 -1 #SUP: 5425
5 5 5 5 5 6 6 1 1 1 1 1 2 2 2 -1 #SUP: 5470
5 5 5 5 5 6 6 6 1 1 1 1 1 1 2 -1 #SUP: 5350
5 5 5 5 5 6 6 6 1 1 1 1 1 2 2 -1 #SUP: 5507
5 5 5 5 5 6 6 6 1 1 1 1 2 2 2 -1 #SUP: 5476
5 5 5 5 5 6 6 6 7 1 1 1 1 1 1 -1 #SUP: 5382
5 5 5 5 5 6 6 6 7 1 1 1 1 1 2 -1 #SUP: 5548
5 5 5 5 5 6 6 6 7 1 1 1 1 2 2 -1 #SUP: 5615
5 5 5 5 5 6 6 6 7 1 1 1 2 2 2 -1 #SUP: 5506
5 5 5 5 5 6 6 6 7 7 1 1 1 1 1 -1 #SUP: 5550
5 5 5 5 5 6 6 6 7 7 1 1 1 1 2 -1 #SUP: 5634
5 5 5 5 5 6 6 6 7 7 1 1 1 2 1 -1 #SUP: 5372
5 5 5 5 5 6 6 6 7 7 1 1 1 2 2 -1 #SUP: 5626
5 5 5 5 5 6 6 6 7 7 1 1 2 1 2 -1 #SUP: 5360
5 5 5 5 5 6 6 6 7 7 1 1 2 2 2 -1 #SUP: 5506
5 5 5 5 5 6 6 6 7 7 7 1 1 1 1 -1 #SUP: 5612
5 5 5 5 5 6 6 6 7 7 7 1 1 1 2 -1 #SUP: 5619
5 5 5 5 5 6 6 6 7 7 7 1 1 2 1 -1 #SUP: 5369
5 5 5 5 5 6 6 6 7 7 7 1 1 2 2 -1 #SUP: 5598
5 5 5 5 5 6 6 6 7 7 7 1 2 2 2 -1 #SUP: 5472
5 5 5 5 5 6 6 6 7 7 7 7 1 1 1 -1 #SUP: 5519
5 5 5 5 5 6 6 6 7 7 7 7 1 1 2 -1 #SUP: 5519
5 5 5 5 5 6 6 6 7 7 7 7 1 2 2 -1 #SUP: 5493
5 5 5 5 5 6 6 6 7 7 7 7 2 2 2 -1 #SUP: 5375
5 5 5 5 5 6 6 7 1 1 1 1 1 1 2 -1 #SUP: 5495
5 5 5 5 5 6 6 7 1 1 1 1 1 2 2 -1 #SUP: 5647
5 5 5 5 5 6 6 7 1 1 1 1 2 1 2 -1 #SUP: 5368
5 5 5 5 5 6 6 7 1 1 1 1 2 2 2 -1 #SUP: 5598
5 5 5 5 5 6 6 7 7 1 1 1 1 1 1 -1 #SUP: 5516
5 5 5 5 5 6 6 7 7 1 1 1 1 1 2 -1 #SUP: 5683
5 5 5 5 5 6 6 7 7 1 1 1 1 2 1 -1 #SUP: 5416
5 5 5 5 5 6 6 7 7 1 1 1 1 2 2 -1 #SUP: 5746
5 5 5 5 5 6 6 7 7 1 1 1 2 1 2 -1 #SUP: 5459
5 5 5 5 5 6 6 7 7 1 1 1 2 2 2 -1 #SUP: 5620
5 5 5 5 5 6 6 7 7 7 1 1 1 1 1 -1 #SUP: 5671
5 5 5 5 5 6 6 7 7 7 1 1 1 1 2 -1 #SUP: 5759
5 5 5 5 5 6 6 7 7 7 1 1 1 2 1 -1 #SUP: 5484
5 5 5 5 5 6 6 7 7 7 1 1 1 2 2 -1 #SUP: 5745
5 5 5 5 5 6 6 7 7 7 1 1 2 1 2 -1 #SUP: 5466
5 5 5 5 5 6 6 7 7 7 1 1 2 2 2 -1 #SUP: 5606
5 5 5 5 5 6 6 7 7 7 7 1 1 1 1 -1 #SUP: 5672
5 5 5 5 5 6 6 7 7 7 7 1 1 1 2 -1 #SUP: 5681
5 5 5 5 5 6 6 7 7 7 7 1 1 2 1 -1 #SUP: 5421
5 5 5 5 5 6 6 7 7 7 7 1 1 2 2 -1 #SUP: 5655
5 5 5 5 5 6 6 7 7 7 7 1 2 1 2 -1 #SUP: 5379
5 5 5 5 5 6 6 7 7 7 7 1 2 2 2 -1 #SUP: 5518
5 5 5 5 5 6 6 7 7 7 7 7 1 1 1 -1 #SUP: 5474
5 5 5 5 5 6 6 7 7 7 7 7 1 1 2 -1 #SUP: 5474
5 5 5 5 5 6 6 7 7 7 7 7 1 2 2 -1 #SUP: 5445
5 5 5 5 5 6 7 1 1 1 1 1 1 2 2 -1 #SUP: 5445
5 5 5 5 5 6 7 1 1 1 1 1 2 2 2 -1 #SUP: 5489
5 5 5 5 5 6 7 7 1 1 1 1 1 1 2 -1 #SUP: 5505
5 5 5 5 5 6 7 7 1 1 1 1 1 2 2 -1 #SUP: 5656
5 5 5 5 5 6 7 7 1 1 1 1 2 1 2 -1 #SUP: 5376
5 5 5 5 5 6 7 7 1 1 1 1 2 2 2 -1 #SUP: 5608
5 5 5 5 5 6 7 7 7 1 1 1 1 1 1 -1 #SUP: 5514
5 5 5 5 5 6 7 7 7 1 1 1 1 1 2 -1 #SUP: 5682
5 5 5 5 5 6 7 7 7 1 1 1 1 2 1 -1 #SUP: 5409
5 5 5 5 5 6 7 7 7 1 1 1 1 2 2 -1 #SUP: 5743
5 5 5 5 5 6 7 7 7 1 1 1 2 1 2 -1 #SUP: 5453
5 5 5 5 5 6 7 7 7 1 1 1 2 2 2 -1 #SUP: 5619
5 5 5 5 5 6 7 7 7 7 1 1 1 1 1 -1 #SUP: 5603
5 5 5 5 5 6 7 7 7 7 1 1 1 1 2 -1 #SUP: 5692
5 5 5 5 5 6 7 7 7 7 1 1 1 2 1 -1 #SUP: 5415
5 5 5 5 5 6 7 7 7 7 1 1 1 2 2 -1 #SUP: 5679
5 5 5 5 5 6 7 7 7 7 1 1 2 1 2 -1 #SUP: 5398
5 5 5 5 5 6 7 7 7 7 1 1 2 2 2 -1 #SUP: 5547
5 5 5 5 5 6 7 7 7 7 7 1 1 1 1 -1 #SUP: 5494
5 5 5 5 5 6 7 7 7 7 7 1 1 1 2 -1 #SUP: 5506
5 5 5 5 5 6 7 7 7 7 7 1 1 2 2 -1 #SUP: 5480
5 5 5 5 5 6 7 7 7 7 7 1 2 2 2 -1 #SUP: 5350
5 5 5 5 5 7 7 1 1 1 1 1 1 2 2 -1 #SUP: 5435
5 5 5 5 5 7 7 1 1 1 1 1 2 2 2 -1 #SUP: 5484
5 5 5 5 5 7 7 7 1 1 1 1 1 1 2 -1 #SUP: 5483
5 5 5 5 5 7 7 7 1 1 1 1 1 2 2 -1 #SUP: 5635
5 5 5 5 5 7 7 7 1 1 1 1 2 1 2 -1 #SUP: 5354
5 5 5 5 5 7 7 7 1 1 1 1 2 2 2 -1 #SUP: 5588
5 5 5 5 5 7 7 7 7 1 1 1 1 1 1 -1 #SUP: 5426
5 5 5 5 5 7 7 7 7 1 1 1 1 1 2 -1 #SUP: 5596
5 5 5 5 5 7 7 7 7 1 1 1 1 2 2 -1 #SUP: 5659
5 5 5 5 5 7 7 7 7 1 1 1 2 1 2 -1 #SUP: 5369
5 5 5 5 5 7 7 7 7 1 1 1 2 2 2 -1 #SUP: 5542
5 5 5 5 5 7 7 7 7 7 1 1 1 1 1 -1 #SUP: 5399
5 5 5 5 5 7 7 7 7 7 1 1 1 1 2 -1 #SUP: 5488
5 5 5 5 5 7 7 7 7 7 1 1 1 2 2 -1 #SUP: 5477
5 5 5 5 5 7 7 7 7 7 1 1 2 2 2 -1 #SUP: 5353
5 5 5 5 6 6 6 1 1 1 1 1 2 2 2 -1 #SUP: 5403
5 5 5 5 6 6 6 7 1 1 1 1 1 1 2 -1 #SUP: 5396
5 5 5 5 6 6 6 7 1 1 1 1 1 2 2 -1 #SUP: 5561
5 5 5 5 6 6 6 7 1 1 1 1 2 2 2 -1 #SUP: 5536
5 5 5 5 6 6 6 7 7 1 1 1 1 1 1 -1 #SUP: 5418
5 5 5 5 6 6 6 7 7 1 1 1 1 1 2 -1 #SUP: 5590
5 5 5 5 6 6 6 7 7 1 1 1 1 2 2 -1 #SUP: 5665
5 5 5 5 6 6 6 7 7 1 1 1 2 1 2 -1 #SUP: 5380
5 5 5 5 6 6 6 7 7 1 1 1 2 2 2 -1 #SUP: 5556
5 5 5 5 6 6 6 7 7 7 1 1 1 1 1 -1 #SUP: 5570
5 5 5 5 6 6 6 7 7 7 1 1 1 1 2 -1 #SUP: 5662
5 5 5 5 6 6 6 7 7 7 1 1 1 2 1 -1 #SUP: 5392
5 5 5 5 6 6 6 7 7 7 1 1 1 2 2 -1 #SUP: 5655
5 5 5 5 6 6 6 7 7 7 1 1 2 1 2 -1 #SUP: 5382
5 5 5 5 6 6 6 7 7 7 1 1 2 2 2 -1 #SUP: 5535
5 5 5 5 6 6 6 7 7 7 7 1 1 1 1 -1 #SUP: 5569
5 5 5 5 6 6 6 7 7 7 7 1 1 1 2 -1 #SUP: 5579
5 5 5 5 6 6 6 7 7 7 7 1 1 2 2 -1 #SUP: 5560
5 5 5 5 6 6 6 7 7 7 7 1 2 2 2 -1 #SUP: 5441
5 5 5 5 6 6 6 7 7 7 7 7 1 1 1 -1 #SUP: 5352
5 5 5 5 6 6 6 7 7 7 7 7 1 1 2 -1 #SUP: 5352
5 5 5 5 6 6 7 1 1 1 1 1 1 2 2 -1 #SUP: 5457
5 5 5 5 6 6 7 1 1 1 1 1 2 2 2 -1 #SUP: 5506
5 5 5 5 6 6 7 7 1 1 1 1 1 1 2 -1 #SUP: 5514
5 5 5 5 6 6 7 7 1 1 1 1 1 2 2 -1 #SUP: 5673
5 5 5 5 6 6 7 7 1 1 1 1 2 1 2 -1 #SUP: 5391
5 5 5 5 6 6 7 7 1 1 1 1 2 2 2 -1 #SUP: 5633
5 5 5 5 6 6 7 7 1 1 1 2 2 2 2 -1 #SUP: 5352
5 5 5 5 6 6 7 7 7 1 1 1 1 1 1 -1 #SUP: 5524
5 5 5 5 6 6 7 7 7 1 1 1 1 1 2 -1 #SUP: 5698
5 5 5 5 6 6 7 7 7 1 1 1 1 2 1 -1 #SUP: 5426
5 5 5 5 6 6 7 7 7 1 1 1 1 2 2 -1 #SUP: 5769
5 5 5 5 6 6 7 7 7 1 1 1 2 1 2 -1 #SUP: 5472
5 5 5 5 6 6 7 7 7 1 1 1 2 2 2 -1 #SUP: 5645
5 5 5 5 6 6 7 7 7 1 1 2 2 2 2 -1 #SUP: 5347
5 5 5 5 6 6 7 7 7 7 1 1 1 1 1 -1 #SUP: 5618
5 5 5 5 6 6 7 7 7 7 1 1 1 1 2 -1 #SUP: 5714
5 5 5 5 6 6 7 7 7 7 1 1 1 2 1 -1 #SUP: 5435
5 5 5 5 6 6 7 7 7 7 1 1 1 2 2 -1 #SUP: 5704
5 5 5 5 6 6 7 7 7 7 1 1 2 1 2 -1 #SUP: 5420
5 5 5 5 6 6 7 7 7 7 1 1 2 2 2 -1 #SUP: 5573
5 5 5 5 6 6 7 7 7 7 7 1 1 1 1 -1 #SUP: 5504
5 5 5 5 6 6 7 7 7 7 7 1 1 1 2 -1 #SUP: 5518
5 5 5 5 6 6 7 7 7 7 7 1 1 2 2 -1 #SUP: 5495
5 5 5 5 6 6 7 7 7 7 7 1 2 2 2 -1 #SUP: 5367
5 5 5 5 6 7 7 1 1 1 1 1 1 2 2 -1 #SUP: 5460
5 5 5 5 6 7 7 1 1 1 1 1 2 2 2 -1 #SUP: 5512
5 5 5 5 6 7 7 7 1 1 1 1 1 1 2 -1 #SUP: 5509
5 5 5 5 6 7 7 7 1 1 1 1 1 2 2 -1 #SUP: 5666
5 5 5 5 6 7 7 7 1 1 1 1 2 1 2 -1 #SUP: 5381
5 5 5 5 6 7 7 7 1 1 1 1 2 2 2 -1 #SUP: 5626
5 5 5 5 6 7 7 7 1 1 1 2 2 2 2 -1 #SUP: 5347
5 5 5 5 6 7 7 7 7 1 1 1 1 1 1 -1 #SUP: 5454
5 5 5 5 6 7 7 7 7 1 1 1 1 1 2 -1 #SUP: 5629
5 5 5 5 6 7 7 7 7 1 1 1 1 2 1 -1 #SUP: 5355
5 5 5 5 6 7 7 7 7 1 1 1 1 2 2 -1 #SUP: 5700
5 5 5 5 6 7 7 7 7 1 1 1 2 1 2 -1 #SUP: 5402
5 5 5 5 6 7 7 7 7 1 1 1 2 2 2 -1 #SUP: 5583
5 5 5 5 6 7 7 7 7 7 1 1 1 1 1 -1 #SUP: 5430
5 5 5 5 6 7 7 7 7 7 1 1 1 1 2 -1 #SUP: 5526
5 5 5 5 6 7 7 7 7 7 1 1 1 2 2 -1 #SUP: 5517
5 5 5 5 6 7 7 7 7 7 1 1 2 2 2 -1 #SUP: 5393
5 5 5 5 7 7 7 1 1 1 1 1 1 2 2 -1 #SUP: 5439
5 5 5 5 7 7 7 1 1 1 1 1 2 2 2 -1 #SUP: 5492
5 5 5 5 7 7 7 7 1 1 1 1 1 1 2 -1 #SUP: 5424
5 5 5 5 7 7 7 7 1 1 1 1 1 2 2 -1 #SUP: 5585
5 5 5 5 7 7 7 7 1 1 1 1 2 2 2 -1 #SUP: 5549
5 5 5 5 7 7 7 7 7 1 1 1 1 1 2 -1 #SUP: 5421
5 5 5 5 7 7 7 7 7 1 1 1 1 2 2 -1 #SUP: 5493
5 5 5 5 7 7 7 7 7 1 1 1 2 2 2 -1 #SUP: 5384
5 5 5 6 6 6 7 1 1 1 1 1 1 2 2 -1 #SUP: 5350
5 5 5 6 6 6 7 1 1 1 1 1 2 2 2 -1 #SUP: 5424
5 5 5 6 6 6 7 7 1 1 1 1 1 1 2 -1 #SUP: 5399
5 5 5 6 6 6 7 7 1 1 1 1 1 2 2 -1 #SUP: 5569
5 5 5 6 6 6 7 7 1 1 1 1 2 2 2 -1 #SUP: 5548
5 5 5 6 6 6 7 7 7 1 1 1 1 1 1 -1 #SUP: 5402
5 5 5 6 6 6 7 7 7 1 1 1 1 1 2 -1 #SUP: 5578
5 5 5 6 6 6 7 7 7 1 1 1 1 2 2 -1 #SUP: 5655
5 5 5 6 6 6 7 7 7 1 1 1 2 1 2 -1 #SUP: 5365
5 5 5 6 6 6 7 7 7 1 1 1 2 2 2 -1 #SUP: 5550
5 5 5 6 6 6 7 7 7 7 1 1 1 1 1 -1 #SUP: 5493
5 5 5 6 6 6 7 7 7 7 1 1 1 1 2 -1 #SUP: 5588
5 5 5 6 6 6 7 7 7 7 1 1 1 2 2 -1 #SUP: 5584
5 5 5 6 6 6 7 7 7 7 1 1 2 2 2 -1 #SUP: 5473
5 5 5 6 6 6 7 7 7 7 7 1 1 1 1 -1 #SUP: 5365
5 5 5 6 6 6 7 7 7 7 7 1 1 1 2 -1 #SUP: 5378
5 5 5 6 6 6 7 7 7 7 7 1 1 2 2 -1 #SUP: 5362
5 5 5 6 6 7 7 1 1 1 1 1 1 2 2 -1 #SUP: 5457
5 5 5 6 6 7 7 1 1 1 1 1 2 2 2 -1 #SUP: 5514
5 5 5 6 6 7 7 7 1 1 1 1 1 1 2 -1 #SUP: 5504
5 5 5 6 6 7 7 7 1 1 1 1 1 2 2 -1 #SUP: 5667
5 5 5 6 6 7 7 7 1 1 1 1 2 1 2 -1 #SUP: 5382
5 5 5 6 6 7 7 7 1 1 1 1 2 2 2 -1 #SUP: 5630
5 5 5 6 6 7 7 7 1 1 1 2 2 2 2 -1 #SUP: 5350
5 5 5 6 6 7 7 7 7 1 1 1 1 1 1 -1 #SUP: 5443
5 5 5 6 6 7 7 7 7 1 1 1 1 1 2 -1 #SUP: 5622
5 5 5 6 6 7 7 7 7 1 1 1 1 2 1 -1 #SUP: 5350
5 5 5 6 6 7 7 7 7 1 1 1 1 2 2 -1 #SUP: 5696
5 5 5 6 6 7 7 7 7 1 1 1 2 1 2 -1 #SUP: 5398
5 5 5 6 6 7 7 7 7 1 1 1 2 2 2 -1 #SUP: 5581
5 5 5 6 6 7 7 7 7 7 1 1 1 1 1 -1 #SUP: 5417
5 5 5 6 6 7 7 7 7 7 1 1 1 1 2 -1 #SUP: 5516
5 5 5 6 6 7 7 7 7 7 1 1 1 2 2 -1 #SUP: 5509
5 5 5 6 6 7 7 7 7 7 1 1 2 2 2 -1 #SUP: 5388
5 5 5 6 7 7 7 1 1 1 1 1 1 2 2 -1 #SUP: 5448
5 5 5 6 7 7 7 1 1 1 1 1 2 2 2 -1 #SUP: 5505
5 5 5 6 7 7 7 7 1 1 1 1 1 1 2 -1 #SUP: 5432
5 5 5 6 7 7 7 7 1 1 1 1 1 2 2 -1 #SUP: 5597
5 5 5 6 7 7 7 7 1 1 1 1 2 2 2 -1 #SUP: 5564
5 5 5 6 7 7 7 7 7 1 1 1 1 1 2 -1 #SUP: 5435
5 5 5 6 7 7 7 7 7 1 1 1 1 2 2 -1 #SUP: 5509
5 5 5 6 7 7 7 7 7 1 1 1 2 2 2 -1 #SUP: 5401
5 5 5 7 7 7 7 1 1 1 1 1 1 2 2 -1 #SUP: 5367
5 5 5 7 7 7 7 1 1 1 1 1 2 2 2 -1 #SUP: 5430
5 5 5 7 7 7 7 7 1 1 1 1 1 2 2 -1 #SUP: 5391
5 5 5 7 7 7 7 7 1 1 1 1 2 2 2 -1 #SUP: 5365
5 5 6 6 6 7 7 1 1 1 1 1 2 2 2 -1 #SUP: 5419
5 5 6 6 6 7 7 7 1 1 1 1 1 1 2 -1 #SUP: 5375
5 5 6 6 6 7 7 7 1 1 1 1 1 2 2 -1 #SUP: 5544
5 5 6 6 6 7 7 7 1 1 1 1 2 2 2 -1 #SUP: 5524
5 5 6 6 6 7 7 7 7 1 1 1 1 1 2 -1 #SUP: 5489
5 5 6 6 6 7 7 7 7 1 1 1 1 2 2 -1 #SUP: 5567
5 5 6 6 6 7 7 7 7 1 1 1 2 2 2 -1 #SUP: 5472
5 5 6 6 6 7 7 7 7 7 1 1 1 1 2 -1 #SUP: 5366
5 5 6 6 6 7 7 7 7 7 1 1 1 2 2 -1 #SUP: 5365
5 5 6 6 7 7 7 1 1 1 1 1 1 2 2 -1 #SUP: 5436
5 5 6 6 7 7 7 1 1 1 1 1 2 2 2 -1 #SUP: 5494
5 5 6 6 7 7 7 7 1 1 1 1 1 1 2 -1 #SUP: 5417
5 5 6 6 7 7 7 7 1 1 1 1 1 2 2 -1 #SUP: 5583
5 5 6 6 7 7 7 7 1 1 1 1 2 2 2 -1 #SUP: 5552
5 5 6 6 7 7 7 7 7 1 1 1 1 1 2 -1 #SUP: 5409
5 5 6 6 7 7 7 7 7 1 1 1 1 2 2 -1 #SUP: 5486
5 5 6 6 7 7 7 7 7 1 1 1 2 2 2 -1 #SUP: 5382
5 5 6 7 7 7 7 1 1 1 1 1 1 2 2 -1 #SUP: 5367
5 5 6 7 7 7 7 1 1 1 1 1 2 2 2 -1 #SUP: 5430
5 5 6 7 7 7 7 7 1 1 1 1 1 2 2 -1 #SUP: 5393
5 5 6 7 7 7 7 7 1 1 1 1 2 2 2 -1 #SUP: 5368
5 6 6 6 7 7 7 1 1 1 1 1 2 2 2 -1 #SUP: 5395
5 6 6 6 7 7 7 7 1 1 1 1 1 2 2 -1 #SUP: 5458
5 6 6 6 7 7 7 7 1 1 1 1 2 2 2 -1 #SUP: 5445
5 6 6 6 7 7 7 7 7 1 1 1 1 2 2 -1 #SUP: 5349
5 6 6 7 7 7 7 1 1 1 1 1 1 2 2 -1 #SUP: 5348
5 6 6 7 7 7 7 1 1 1 1 1 2 2 2 -1 #SUP: 5412
5 6 6 7 7 7 7 7 1 1 1 1 1 2 2 -1 #SUP: 5365
