3 3 5 5 5 5 5 6 7 7 7 1 1 1 1 -1 #SUP: 5358
3 3 5 5 5 5 5 6 7 7 7 1 1 2 2 -1 #SUP: 5351
3 3 5 5 5 5 5 6 7 7 7 1 2 2 1 -1 #SUP: 5343
3 3 5 5 5 5 5 6 7 7 7 7 1 1 1 -1 #SUP: 5348
3 3 5 5 5 5 5 6 7 7 7 7 1 1 2 -1 #SUP: 5372
3 3 5 5 5 5 5 6 7 7 7 7 1 2 2 -1 #SUP: 5370
3 3 5 5 5 5 5 6 7 7 7 7 7 1 1 -1 #SUP: 5344
3 3 5 5 5 5 5 6 7 7 7 7 7 1 2 -1 #SUP: 5366
3 3 5 5 5 5 5 7 7 7 7 1 1 1 1 -1 #SUP: 5391
3 3 5 5 5 5 5 7 7 7 7 1 1 1 2 -1 #SUP: 5362
3 3 5 5 5 5 5 7 7 7 7 1 1 2 2 -1 #SUP: 5376
3 3 5 5 5 5 5 7 7 7 7 1 2 1 1 -1 #SUP: 5364
3 3 5 5 5 5 5 7 7 7 7 1 2 2 1 -1 #SUP: 5377
3 3 5 5 5 5 5 7 7 7 7 1 2 2 2 -1 #SUP: 5377
3 3 5 5 5 5 5 7 7 7 7 7 1 1 1 -1 #SUP: 5402
3 3 5 5 5 5 5 7 7 7 7 7 1 1 2 -1 #SUP: 5415
3 3 5 5 5 5 5 7 7 7 7 7 1 2 1 -1 #SUP: 5378
3 3 5 5 5 5 5 7 7 7 7 7 1 2 2 -1 #SUP: 5415
3 3 5 5 5 5 5 7 7 7 7 7 2 2 1 -1 #SUP: 5344
3 3 5 5 5 5 5 7 7 7 7 7 2 2 2 -1 #SUP: 5354
3 3 5 5 5 5 5 7 7 7 7 7 7 1 1 -1 #SUP: 5386
3 3 5 5 5 5 5 7 7 7 7 7 7 1 2 -1 #SUP: 5415
3 3 5 5 5 5 5 7 7 7 7 7 7 2 2 -1 #SUP: 5370
3 3 5 5 5 5 5 7 7 7 7 7 7 7 1 -1 #SUP: 5365
3 3 5 5 5 5 5 7 7 7 7 7 7 7 2 -1 #SUP: 5346
3 3 5 5 5 5 6 6 7 7 7 1 1 2 2 -1 #SUP: 5340
3 3 5 5 5 5 6 7 7 7 1 1 1 1 1 -1 #SUP: 5349
3 3 5 5 5 5 6 7 7 7 1 2 2 1 1 -1 #SUP: 5356
3 3 5 5 5 5 6 7 7 7 7 1 1 1 1 -1 #SUP: 5409
3 3 5 5 5 5 6 7 7 7 7 1 1 1 2 -1 #SUP: 5391
3 3 5 5 5 5 6 7 7 7 7 1 1 2 2 -1 #SUP: 5420
3 3 5 5 5 5 6 7 7 7 7 1 2 1 1 -1 #SUP: 5373
3 3 5 5 5 5 6 7 7 7 7 1 2 2 1 -1 #SUP: 5397
3 3 5 5 5 5 6 7 7 7 7 1 2 2 2 -1 #SUP: 5404
3 3 5 5 5 5 6 7 7 7 7 7 1 1 1 -1 #SUP: 5395
3 3 5 5 5 5 6 7 7 7 7 7 1 1 2 -1 #SUP: 5441
3 3 5 5 5 5 6 7 7 7 7 7 1 2 1 -1 #SUP: 5343
3 3 5 5 5 5 6 7 7 7 7 7 1 2 2 -1 #SUP: 5431
3 3 5 5 5 5 6 7 7 7 7 7 7 1 1 -1 #SUP: 5377
3 3 5 5 5 5 6 7 7 7 7 7 7 1 2 -1 #SUP: 5431
3 3 5 5 5 5 6 7 7 7 7 7 7 2 2 -1 #SUP: 5340
3 3 5 5 5 5 6 7 7 7 7 7 7 7 1 -1 #SUP: 5383
3 3 5 5 5 5 6 7 7 7 7 7 7 7 2 -1 #SUP: 5339
3 3 5 5 5 5 7 7 7 7 1 1 1 1 1 -1 #SUP: 5368
3 3 5 5 5 5 7 7 7 7 1 2 2 1 1 -1 #SUP: 5380
3 3 5 5 5 5 7 7 7 7 7 1 1 1 1 -1 #SUP: 5442
3 3 5 5 5 5 7 7 7 7 7 1 1 1 2 -1 #SUP: 5423
3 3 5 5 5 5 7 7 7 7 7 1 1 2 1 -1 #SUP: 5368
3 3 5 5 5 5 7 7 7 7 7 1 1 2 2 -1 #SUP: 5442
3 3 5 5 5 5 7 7 7 7 7 1 2 1 1 -1 #SUP: 5406
3 3 5 5 5 5 7 7 7 7 7 1 2 2 1 -1 #SUP: 5429
3 3 5 5 5 5 7 7 7 7 7 1 2 2 2 -1 #SUP: 5450
3 3 5 5 5 5 7 7 7 7 7 2 2 1 1 -1 #SUP: 5348
3 3 5 5 5 5 7 7 7 7 7 7 1 1 1 -1 #SUP: 5439
3 3 5 5 5 5 7 7 7 7 7 7 1 1 2 -1 #SUP: 5469
3 3 5 5 5 5 7 7 7 7 7 7 1 2 1 -1 #SUP: 5394
3 3 5 5 5 5 7 7 7 7 7 7 1 2 2 -1 #SUP: 5472
3 3 5 5 5 5 7 7 7 7 7 7 2 2 1 -1 #SUP: 5353
3 3 5 5 5 5 7 7 7 7 7 7 2 2 2 -1 #SUP: 5388
3 3 5 5 5 5 7 7 7 7 7 7 7 1 1 -1 #SUP: 5379
3 3 5 5 5 5 7 7 7 7 7 7 7 1 2 -1 #SUP: 5427
3 3 5 5 5 5 7 7 7 7 7 7 7 2 2 -1 #SUP: 5344
3 3 5 5 5 5 7 7 7 7 7 7 7 7 1 -1 #SUP: 5397
3 3 5 5 5 5 7 7 7 7 7 7 7 7 2 -1 #SUP: 5351
3 3 5 5 5 6 6 7 7 7 7 1 1 2 2 -1 #SUP: 5346
3 3 5 5 5 6 7 7 7 7 1 1 1 1 1 -1 #SUP: 5346
3 3 5 5 5 6 7 7 7 7 1 2 2 1 1 -1 #SUP: 5358
3 3 5 5 5 6 7 7 7 7 7 1 1 1 1 -1 #SUP: 5379
3 3 5 5 5 6 7 7 7 7 7 1 1 1 2 -1 #SUP: 5380
3 3 5 5 5 6 7 7 7 7 7 1 1 2 2 -1 #SUP: 5414
3 3 5 5 5 6 7 7 7 7 7 1 2 2 1 -1 #SUP: 5360
3 3 5 5 5 6 7 7 7 7 7 1 2 2 2 -1 #SUP: 5399
3 3 5 5 5 6 7 7 7 7 7 7 1 1 1 -1 #SUP: 5343
3 3 5 5 5 6 7 7 7 7 7 7 1 1 2 -1 #SUP: 5410
3 3 5 5 5 6 7 7 7 7 7 7 1 2 2 -1 #SUP: 5403
3 3 5 5 5 6 7 7 7 7 7 7 7 1 2 -1 #SUP: 5387
3 3 5 5 5 6 7 7 7 7 7 7 7 7 1 -1 #SUP: 5340
3 3 5 5 5 7 7 7 7 7 1 1 1 1 1 -1 #SUP: 5360
3 3 5 5 5 7 7 7 7 7 1 2 2 1 1 -1 #SUP: 5372
3 3 5 5 5 7 7 7 7 7 7 1 1 1 1 -1 #SUP: 5402
3 3 5 5 5 7 7 7 7 7 7 1 1 1 2 -1 #SUP: 5400
3 3 5 5 5 7 7 7 7 7 7 1 1 2 2 -1 #SUP: 5430
3 3 5 5 5 7 7 7 7 7 7 1 2 1 1 -1 #SUP: 5356
3 3 5 5 5 7 7 7 7 7 7 1 2 2 1 -1 #SUP: 5386
3 3 5 5 5 7 7 7 7 7 7 1 2 2 2 -1 #SUP: 5430
3 3 5 5 5 7 7 7 7 7 7 7 1 1 2 -1 #SUP: 5387
3 3 5 5 5 7 7 7 7 7 7 7 1 2 2 -1 #SUP: 5385
3 3 5 5 5 7 7 7 7 7 7 7 7 1 2 -1 #SUP: 5378
3 3 5 5 6 7 7 7 7 7 7 1 1 2 2 -1 #SUP: 5351
3 3 5 5 6 7 7 7 7 7 7 1 2 2 2 -1 #SUP: 5340
3 5 5 5 5 5 5 7 7 7 7 1 1 1 1 -1 #SUP: 5397
3 5 5 5 5 5 5 7 7 7 7 1 1 1 2 -1 #SUP: 5365
3 5 5 5 5 5 5 7 7 7 7 1 1 2 2 -1 #SUP: 5374
3 5 5 5 5 5 5 7 7 7 7 1 2 1 1 -1 #SUP: 5362
3 5 5 5 5 5 5 7 7 7 7 1 2 2 1 -1 #SUP: 5372
3 5 5 5 5 5 5 7 7 7 7 1 2 2 2 -1 #SUP: 5377
3 5 5 5 5 5 5 7 7 7 7 7 1 1 1 -1 #SUP: 5385
3 5 5 5 5 5 5 7 7 7 7 7 1 1 2 -1 #SUP: 5401
3 5 5 5 5 5 5 7 7 7 7 7 1 2 1 -1 #SUP: 5362
3 5 5 5 5 5 5 7 7 7 7 7 1 2 2 -1 #SUP: 5405
3 5 5 5 5 5 5 7 7 7 7 7 2 2 2 -1 #SUP: 5344
3 5 5 5 5 5 5 7 7 7 7 7 7 1 1 -1 #SUP: 5369
3 5 5 5 5 5 5 7 7 7 7 7 7 1 2 -1 #SUP: 5402
3 5 5 5 5 5 5 7 7 7 7 7 7 2 2 -1 #SUP: 5355
3 5 5 5 5 5 5 7 7 7 7 7 7 7 1 -1 #SUP: 5348
3 5 5 5 5 5 6 6 7 7 7 1 1 2 2 -1 #SUP: 5353
3 5 5 5 5 5 6 7 7 7 1 1 1 1 1 -1 #SUP: 5429
3 5 5 5 5 5 6 7 7 7 1 1 1 1 2 -1 #SUP: 5351
3 5 5 5 5 5 6 7 7 7 1 1 2 1 1 -1 #SUP: 5363
3 5 5 5 5 5 6 7 7 7 1 1 2 2 2 -1 #SUP: 5381
3 5 5 5 5 5 6 7 7 7 1 2 2 1 1 -1 #SUP: 5436
3 5 5 5 5 5 6 7 7 7 1 2 2 2 1 -1 #SUP: 5366
3 5 5 5 5 5 6 7 7 7 1 2 2 2 2 -1 #SUP: 5360
3 5 5 5 5 5 6 7 7 7 7 1 1 1 1 -1 #SUP: 5478
3 5 5 5 5 5 6 7 7 7 7 1 1 1 2 -1 #SUP: 5461
3 5 5 5 5 5 6 7 7 7 7 1 1 2 1 -1 #SUP: 5393
3 5 5 5 5 5 6 7 7 7 7 1 1 2 2 -1 #SUP: 5488
3 5 5 5 5 5 6 7 7 7 7 1 2 1 1 -1 #SUP: 5437
3 5 5 5 5 5 6 7 7 7 7 1 2 2 1 -1 #SUP: 5460
3 5 5 5 5 5 6 7 7 7 7 1 2 2 2 -1 #SUP: 5473
3 5 5 5 5 5 6 7 7 7 7 2 2 1 1 -1 #SUP: 5380
3 5 5 5 5 5 6 7 7 7 7 7 1 1 1 -1 #SUP: 5427
3 5 5 5 5 5 6 7 7 7 7 7 1 1 2 -1 #SUP: 5488
3 5 5 5 5 5 6 7 7 7 7 7 1 2 1 -1 #SUP: 5378
3 5 5 5 5 5 6 7 7 7 7 7 1 2 2 -1 #SUP: 5480
3 5 5 5 5 5 6 7 7 7 7 7 2 2 2 -1 #SUP: 5381
3 5 5 5 5 5 6 7 7 7 7 7 7 1 1 -1 #SUP: 5399
3 5 5 5 5 5 6 7 7 7 7 7 7 1 2 -1 #SUP: 5471
3 5 5 5 5 5 6 7 7 7 7 7 7 2 2 -1 #SUP: 5367
3 5 5 5 5 5 6 7 7 7 7 7 7 7 1 -1 #SUP: 5412
3 5 5 5 5 5 6 7 7 7 7 7 7 7 2 -1 #SUP: 5371
3 5 5 5 5 5 7 7 7 7 1 1 1 1 1 -1 #SUP: 5461
3 5 5 5 5 5 7 7 7 7 1 1 1 1 2 -1 #SUP: 5371
3 5 5 5 5 5 7 7 7 7 1 1 2 1 1 -1 #SUP: 5390
3 5 5 5 5 5 7 7 7 7 1 1 2 2 1 -1 #SUP: 5354
3 5 5 5 5 5 7 7 7 7 1 1 2 2 2 -1 #SUP: 5413
3 5 5 5 5 5 7 7 7 7 1 2 1 1 1 -1 #SUP: 5354
3 5 5 5 5 5 7 7 7 7 1 2 2 1 1 -1 #SUP: 5469
3 5 5 5 5 5 7 7 7 7 1 2 2 2 1 -1 #SUP: 5400
3 5 5 5 5 5 7 7 7 7 1 2 2 2 2 -1 #SUP: 5398
3 5 5 5 5 5 7 7 7 7 7 1 1 1 1 -1 #SUP: 5530
3 5 5 5 5 5 7 7 7 7 7 1 1 1 2 -1 #SUP: 5511
3 5 5 5 5 5 7 7 7 7 7 1 1 2 1 -1 #SUP: 5444
3 5 5 5 5 5 7 7 7 7 7 1 1 2 2 -1 #SUP: 5526
3 5 5 5 5 5 7 7 7 7 7 1 2 1 1 -1 #SUP: 5487
3 5 5 5 5 5 7 7 7 7 7 1 2 2 1 -1 #SUP: 5509
3 5 5 5 5 5 7 7 7 7 7 1 2 2 2 -1 #SUP: 5534
3 5 5 5 5 5 7 7 7 7 7 2 2 1 1 -1 #SUP: 5430
3 5 5 5 5 5 7 7 7 7 7 2 2 2 1 -1 #SUP: 5376
3 5 5 5 5 5 7 7 7 7 7 2 2 2 2 -1 #SUP: 5378
3 5 5 5 5 5 7 7 7 7 7 7 1 1 1 -1 #SUP: 5512
3 5 5 5 5 5 7 7 7 7 7 7 1 1 2 -1 #SUP: 5549
3 5 5 5 5 5 7 7 7 7 7 7 1 2 1 -1 #SUP: 5471
3 5 5 5 5 5 7 7 7 7 7 7 1 2 2 -1 #SUP: 5552
3 5 5 5 5 5 7 7 7 7 7 7 2 1 1 -1 #SUP: 5393
3 5 5 5 5 5 7 7 7 7 7 7 2 2 1 -1 #SUP: 5429
3 5 5 5 5 5 7 7 7 7 7 7 2 2 2 -1 #SUP: 5467
3 5 5 5 5 5 7 7 7 7 7 7 7 1 1 -1 #SUP: 5447
3 5 5 5 5 5 7 7 7 7 7 7 7 1 2 -1 #SUP: 5507
3 5 5 5 5 5 7 7 7 7 7 7 7 2 2 -1 #SUP: 5421
3 5 5 5 5 5 7 7 7 7 7 7 7 7 1 -1 #SUP: 5462
3 5 5 5 5 5 7 7 7 7 7 7 7 7 2 -1 #SUP: 5419
3 5 5 5 5 6 6 7 7 7 1 1 1 1 1 -1 #SUP: 5365
3 5 5 5 5 6 6 7 7 7 1 1 2 2 2 -1 #SUP: 5362
3 5 5 5 5 6 6 7 7 7 1 2 2 1 1 -1 #SUP: 5384
3 5 5 5 5 6 6 7 7 7 7 1 1 1 1 -1 #SUP: 5369
3 5 5 5 5 6 6 7 7 7 7 1 1 1 2 -1 #SUP: 5378
3 5 5 5 5 6 6 7 7 7 7 1 1 2 2 -1 #SUP: 5425
3 5 5 5 5 6 6 7 7 7 7 1 2 2 1 -1 #SUP: 5363
3 5 5 5 5 6 6 7 7 7 7 1 2 2 2 -1 #SUP: 5394
3 5 5 5 5 6 6 7 7 7 7 7 1 1 2 -1 #SUP: 5375
3 5 5 5 5 6 6 7 7 7 7 7 1 2 2 -1 #SUP: 5366
3 5 5 5 5 6 6 7 7 7 7 7 7 1 2 -1 #SUP: 5357
3 5 5 5 5 6 7 7 7 1 2 2 2 1 1 -1 #SUP: 5342
3 5 5 5 5 6 7 7 7 7 1 1 1 1 1 -1 #SUP: 5456
3 5 5 5 5 6 7 7 7 7 1 1 1 1 2 -1 #SUP: 5380
3 5 5 5 5 6 7 7 7 7 1 1 1 2 2 -1 #SUP: 5346
3 5 5 5 5 6 7 7 7 7 1 1 2 1 1 -1 #SUP: 5393
3 5 5 5 5 6 7 7 7 7 1 1 2 2 1 -1 #SUP: 5365
3 5 5 5 5 6 7 7 7 7 1 1 2 2 2 -1 #SUP: 5430
3 5 5 5 5 6 7 7 7 7 1 2 1 1 1 -1 #SUP: 5339
3 5 5 5 5 6 7 7 7 7 1 2 2 1 1 -1 #SUP: 5467
3 5 5 5 5 6 7 7 7 7 1 2 2 2 1 -1 #SUP: 5409
3 5 5 5 5 6 7 7 7 7 1 2 2 2 2 -1 #SUP: 5414
3 5 5 5 5 6 7 7 7 7 7 1 1 1 1 -1 #SUP: 5478
3 5 5 5 5 6 7 7 7 7 7 1 1 1 2 -1 #SUP: 5483
3 5 5 5 5 6 7 7 7 7 7 1 1 2 1 -1 #SUP: 5401
3 5 5 5 5 6 7 7 7 7 7 1 1 2 2 -1 #SUP: 5519
3 5 5 5 5 6 7 7 7 7 7 1 2 1 1 -1 #SUP: 5420
3 5 5 5 5 6 7 7 7 7 7 1 2 2 1 -1 #SUP: 5455
3 5 5 5 5 6 7 7 7 7 7 1 2 2 2 -1 #SUP: 5502
3 5 5 5 5 6 7 7 7 7 7 2 2 1 1 -1 #SUP: 5359
3 5 5 5 5 6 7 7 7 7 7 7 1 1 1 -1 #SUP: 5429
3 5 5 5 5 6 7 7 7 7 7 7 1 1 2 -1 #SUP: 5502
3 5 5 5 5 6 7 7 7 7 7 7 1 2 1 -1 #SUP: 5348
3 5 5 5 5 6 7 7 7 7 7 7 1 2 2 -1 #SUP: 5501
3 5 5 5 5 6 7 7 7 7 7 7 2 2 2 -1 #SUP: 5375
3 5 5 5 5 6 7 7 7 7 7 7 7 1 1 -1 #SUP: 5391
3 5 5 5 5 6 7 7 7 7 7 7 7 1 2 -1 #SUP: 5478
3 5 5 5 5 6 7 7 7 7 7 7 7 7 1 -1 #SUP: 5427
3 5 5 5 5 6 7 7 7 7 7 7 7 7 2 -1 #SUP: 5368
3 5 5 5 5 7 7 7 7 1 2 2 2 1 1 -1 #SUP: 5362
3 5 5 5 5 7 7 7 7 7 1 1 1 1 1 -1 #SUP: 5487
3 5 5 5 5 7 7 7 7 7 1 1 1 1 2 -1 #SUP: 5396
3 5 5 5 5 7 7 7 7 7 1 1 1 2 2 -1 #SUP: 5364
3 5 5 5 5 7 7 7 7 7 1 1 2 1 1 -1 #SUP: 5421
3 5 5 5 5 7 7 7 7 7 1 1 2 2 1 -1 #SUP: 5392
3 5 5 5 5 7 7 7 7 7 1 1 2 2 2 -1 #SUP: 5464
3 5 5 5 5 7 7 7 7 7 1 2 1 1 1 -1 #SUP: 5372
3 5 5 5 5 7 7 7 7 7 1 2 2 1 1 -1 #SUP: 5501
3 5 5 5 5 7 7 7 7 7 1 2 2 2 1 -1 #SUP: 5446
3 5 5 5 5 7 7 7 7 7 1 2 2 2 2 -1 #SUP: 5452
3 5 5 5 5 7 7 7 7 7 2 2 2 1 1 -1 #SUP: 5345
3 5 5 5 5 7 7 7 7 7 7 1 1 1 1 -1 #SUP: 5530
3 5 5 5 5 7 7 7 7 7 7 1 1 1 2 -1 #SUP: 5528
3 5 5 5 5 7 7 7 7 7 7 1 1 2 1 -1 #SUP: 5454
3 5 5 5 5 7 7 7 7 7 7 1 1 2 2 -1 #SUP: 5558
3 5 5 5 5 7 7 7 7 7 7 1 2 1 1 -1 #SUP: 5478
3 5 5 5 5 7 7 7 7 7 7 1 2 2 1 -1 #SUP: 5514
3 5 5 5 5 7 7 7 7 7 7 1 2 2 2 -1 #SUP: 5562
3 5 5 5 5 7 7 7 7 7 7 2 2 1 1 -1 #SUP: 5417
3 5 5 5 5 7 7 7 7 7 7 2 2 2 1 -1 #SUP: 5373
3 5 5 5 5 7 7 7 7 7 7 2 2 2 2 -1 #SUP: 5387
3 5 5 5 5 7 7 7 7 7 7 7 1 1 1 -1 #SUP: 5438
3 5 5 5 5 7 7 7 7 7 7 7 1 1 2 -1 #SUP: 5507
3 5 5 5 5 7 7 7 7 7 7 7 1 2 1 -1 #SUP: 5370
3 5 5 5 5 7 7 7 7 7 7 7 1 2 2 -1 #SUP: 5506
3 5 5 5 5 7 7 7 7 7 7 7 2 2 2 -1 #SUP: 5381
3 5 5 5 5 7 7 7 7 7 7 7 7 1 1 -1 #SUP: 5399
3 5 5 5 5 7 7 7 7 7 7 7 7 1 2 -1 #SUP: 5490
3 5 5 5 5 7 7 7 7 7 7 7 7 2 2 -1 #SUP: 5363
3 5 5 5 5 7 7 7 7 7 7 7 7 7 1 -1 #SUP: 5403
3 5 5 5 5 7 7 7 7 7 7 7 7 7 2 -1 #SUP: 5339
3 5 5 5 6 6 7 7 7 7 1 2 2 1 1 -1 #SUP: 5339
3 5 5 5 6 6 7 7 7 7 7 1 1 2 2 -1 #SUP: 5348
3 5 5 5 6 7 7 7 7 7 1 1 1 1 1 -1 #SUP: 5386
3 5 5 5 6 7 7 7 7 7 1 1 2 2 2 -1 #SUP: 5387
3 5 5 5 6 7 7 7 7 7 1 2 2 1 1 -1 #SUP: 5396
3 5 5 5 6 7 7 7 7 7 1 2 2 2 1 -1 #SUP: 5354
3 5 5 5 6 7 7 7 7 7 1 2 2 2 2 -1 #SUP: 5368
3 5 5 5 6 7 7 7 7 7 7 1 1 1 1 -1 #SUP: 5375
3 5 5 5 6 7 7 7 7 7 7 1 1 1 2 -1 #SUP: 5396
3 5 5 5 6 7 7 7 7 7 7 1 1 2 2 -1 #SUP: 5441
3 5 5 5 6 7 7 7 7 7 7 1 2 2 1 -1 #SUP: 5351
3 5 5 5 6 7 7 7 7 7 7 1 2 2 2 -1 #SUP: 5427
3 5 5 5 6 7 7 7 7 7 7 7 1 1 2 -1 #SUP: 5394
3 5 5 5 6 7 7 7 7 7 7 7 1 2 2 -1 #SUP: 5381
3 5 5 5 6 7 7 7 7 7 7 7 7 1 2 -1 #SUP: 5386
3 5 5 5 7 7 7 7 7 7 1 1 1 1 1 -1 #SUP: 5413
3 5 5 5 7 7 7 7 7 7 1 1 2 1 1 -1 #SUP: 5346
3 5 5 5 7 7 7 7 7 7 1 1 2 2 2 -1 #SUP: 5408
3 5 5 5 7 7 7 7 7 7 1 2 2 1 1 -1 #SUP: 5424
3 5 5 5 7 7 7 7 7 7 1 2 2 2 1 -1 #SUP: 5374
3 5 5 5 7 7 7 7 7 7 1 2 2 2 2 -1 #SUP: 5392
3 5 5 5 7 7 7 7 7 7 7 1 1 1 1 -1 #SUP: 5346
3 5 5 5 7 7 7 7 7 7 7 1 1 1 2 -1 #SUP: 5376
3 5 5 5 7 7 7 7 7 7 7 1 1 2 2 -1 #SUP: 5417
3 5 5 5 7 7 7 7 7 7 7 1 2 2 2 -1 #SUP: 5403
3 5 5 5 7 7 7 7 7 7 7 7 1 1 2 -1 #SUP: 5365
3 5 5 5 7 7 7 7 7 7 7 7 1 2 2 -1 #SUP: 5374
5 5 5 5 5 5 7 7 7 7 1 1 1 1 1 -1 #SUP: 5352
5 5 5 5 5 5 7 7 7 7 1 2 2 1 1 -1 #SUP: 5344
5 5 5 5 5 5 7 7 7 7 7 1 1 1 1 -1 #SUP: 5395
5 5 5 5 5 5 7 7 7 7 7 1 1 1 2 -1 #SUP: 5370
5 5 5 5 5 5 7 7 7 7 7 1 1 2 2 -1 #SUP: 5383
5 5 5 5 5 5 7 7 7 7 7 1 2 1 1 -1 #SUP: 5348
5 5 5 5 5 5 7 7 7 7 7 1 2 2 1 -1 #SUP: 5366
5 5 5 5 5 5 7 7 7 7 7 1 2 2 2 -1 #SUP: 5396
5 5 5 5 5 5 7 7 7 7 7 7 1 1 1 -1 #SUP: 5362
5 5 5 5 5 5 7 7 7 7 7 7 1 1 2 -1 #SUP: 5398
5 5 5 5 5 5 7 7 7 7 7 7 1 2 2 -1 #SUP: 5405
5 5 5 5 5 5 7 7 7 7 7 7 7 1 2 -1 #SUP: 5353
5 5 5 5 5 6 7 7 7 7 1 1 1 1 1 -1 #SUP: 5412
5 5 5 5 5 6 7 7 7 7 1 1 1 1 2 -1 #SUP: 5340
5 5 5 5 5 6 7 7 7 7 1 1 2 1 1 -1 #SUP: 5342
5 5 5 5 5 6 7 7 7 7 1 1 2 2 2 -1 #SUP: 5377
5 5 5 5 5 6 7 7 7 7 1 2 2 1 1 -1 #SUP: 5420
5 5 5 5 5 6 7 7 7 7 1 2 2 2 1 -1 #SUP: 5356
5 5 5 5 5 6 7 7 7 7 1 2 2 2 2 -1 #SUP: 5363
5 5 5 5 5 6 7 7 7 7 7 1 1 1 1 -1 #SUP: 5398
5 5 5 5 5 6 7 7 7 7 7 1 1 1 2 -1 #SUP: 5405
5 5 5 5 5 6 7 7 7 7 7 1 1 2 2 -1 #SUP: 5441
5 5 5 5 5 6 7 7 7 7 7 1 2 1 1 -1 #SUP: 5339
5 5 5 5 5 6 7 7 7 7 7 1 2 2 1 -1 #SUP: 5366
5 5 5 5 5 6 7 7 7 7 7 1 2 2 2 -1 #SUP: 5426
5 5 5 5 5 6 7 7 7 7 7 7 1 1 2 -1 #SUP: 5406
5 5 5 5 5 6 7 7 7 7 7 7 1 2 2 -1 #SUP: 5402
5 5 5 5 5 6 7 7 7 7 7 7 7 1 2 -1 #SUP: 5390
5 5 5 5 5 7 7 7 7 7 1 1 1 1 1 -1 #SUP: 5457
5 5 5 5 5 7 7 7 7 7 1 1 1 1 2 -1 #SUP: 5372
5 5 5 5 5 7 7 7 7 7 1 1 1 2 2 -1 #SUP: 5339
5 5 5 5 5 7 7 7 7 7 1 1 2 1 1 -1 #SUP: 5382
5 5 5 5 5 7 7 7 7 7 1 1 2 2 1 -1 #SUP: 5350
5 5 5 5 5 7 7 7 7 7 1 1 2 2 2 -1 #SUP: 5429
5 5 5 5 5 7 7 7 7 7 1 2 1 1 1 -1 #SUP: 5345
5 5 5 5 5 7 7 7 7 7 1 2 2 1 1 -1 #SUP: 5465
5 5 5 5 5 7 7 7 7 7 1 2 2 2 1 -1 #SUP: 5407
5 5 5 5 5 7 7 7 7 7 1 2 2 2 2 -1 #SUP: 5418
5 5 5 5 5 7 7 7 7 7 7 1 1 1 1 -1 #SUP: 5488
5 5 5 5 5 7 7 7 7 7 7 1 1 1 2 -1 #SUP: 5485
5 5 5 5 5 7 7 7 7 7 7 1 1 2 1 -1 #SUP: 5404
5 5 5 5 5 7 7 7 7 7 7 1 1 2 2 -1 #SUP: 5512
5 5 5 5 5 7 7 7 7 7 7 1 2 1 1 -1 #SUP: 5432
5 5 5 5 5 7 7 7 7 7 7 1 2 2 1 -1 #SUP: 5466
5 5 5 5 5 7 7 7 7 7 7 1 2 2 2 -1 #SUP: 5518
5 5 5 5 5 7 7 7 7 7 7 2 2 1 1 -1 #SUP: 5376
5 5 5 5 5 7 7 7 7 7 7 2 2 2 2 -1 #SUP: 5349
5 5 5 5 5 7 7 7 7 7 7 7 1 1 1 -1 #SUP: 5382
5 5 5 5 5 7 7 7 7 7 7 7 1 1 2 -1 #SUP: 5460
5 5 5 5 5 7 7 7 7 7 7 7 1 2 2 -1 #SUP: 5463
5 5 5 5 5 7 7 7 7 7 7 7 2 2 2 -1 #SUP: 5344
5 5 5 5 5 7 7 7 7 7 7 7 7 1 1 -1 #SUP: 5340
5 5 5 5 5 7 7 7 7 7 7 7 7 1 2 -1 #SUP: 5443
5 5 5 5 5 7 7 7 7 7 7 7 7 7 1 -1 #SUP: 5342
5 5 5 5 6 7 7 7 7 7 1 1 1 1 1 -1 #SUP: 5381
5 5 5 5 6 7 7 7 7 7 1 1 2 2 2 -1 #SUP: 5390
5 5 5 5 6 7 7 7 7 7 1 2 2 1 1 -1 #SUP: 5392
5 5 5 5 6 7 7 7 7 7 1 2 2 2 1 -1 #SUP: 5350
5 5 5 5 6 7 7 7 7 7 1 2 2 2 2 -1 #SUP: 5371
5 5 5 5 6 7 7 7 7 7 7 1 1 1 1 -1 #SUP: 5355
5 5 5 5 6 7 7 7 7 7 7 1 1 1 2 -1 #SUP: 5380
5 5 5 5 6 7 7 7 7 7 7 1 1 2 2 -1 #SUP: 5424
5 5 5 5 6 7 7 7 7 7 7 1 2 2 2 -1 #SUP: 5414
5 5 5 5 6 7 7 7 7 7 7 7 1 1 2 -1 #SUP: 5370
5 5 5 5 6 7 7 7 7 7 7 7 1 2 2 -1 #SUP: 5360
5 5 5 5 6 7 7 7 7 7 7 7 7 1 2 -1 #SUP: 5375
5 5 5 5 7 7 7 7 7 1 2 2 2 1 1 -1 #SUP: 5361
5 5 5 5 7 7 7 7 7 7 1 1 1 1 1 -1 #SUP: 5434
5 5 5 5 7 7 7 7 7 7 1 1 1 1 2 -1 #SUP: 5354
5 5 5 5 7 7 7 7 7 7 1 1 2 1 1 -1 #SUP: 5366
5 5 5 5 7 7 7 7 7 7 1 1 2 2 1 -1 #SUP: 5345
5 5 5 5 7 7 7 7 7 7 1 1 2 2 2 -1 #SUP: 5435
5 5 5 5 7 7 7 7 7 7 1 2 2 1 1 -1 #SUP: 5446
5 5 5 5 7 7 7 7 7 7 1 2 2 2 1 -1 #SUP: 5398
5 5 5 5 7 7 7 7 7 7 1 2 2 2 2 -1 #SUP: 5423
5 5 5 5 7 7 7 7 7 7 7 1 1 1 1 -1 #SUP: 5358
5 5 5 5 7 7 7 7 7 7 7 1 1 1 2 -1 #SUP: 5390
5 5 5 5 7 7 7 7 7 7 7 1 1 2 2 -1 #SUP: 5433
5 5 5 5 7 7 7 7 7 7 7 1 2 2 2 -1 #SUP: 5426
5 5 5 5 7 7 7 7 7 7 7 7 1 1 2 -1 #SUP: 5377
5 5 5 5 7 7 7 7 7 7 7 7 1 2 2 -1 #SUP: 5389
