3 3 5 5 5 5 5 5 7 7 7 7 1 1 1 -1 #SUP: 5526
3 3 5 5 5 5 5 6 7 7 7 1 1 1 1 -1 #SUP: 5534
3 3 5 5 5 5 5 6 7 7 7 1 1 1 2 -1 #SUP: 5531
3 3 5 5 5 5 5 6 7 7 7 1 1 2 2 -1 #SUP: 5528
3 3 5 5 5 5 5 6 7 7 7 1 2 1 1 -1 #SUP: 5521
3 3 5 5 5 5 5 6 7 7 7 1 2 2 1 -1 #SUP: 5527
3 3 5 5 5 5 5 6 7 7 7 1 2 2 2 -1 #SUP: 5562
3 3 5 5 5 5 5 6 7 7 7 2 2 1 1 -1 #SUP: 5515
3 3 5 5 5 5 5 6 7 7 7 7 1 1 1 -1 #SUP: 5560
3 3 5 5 5 5 5 6 7 7 7 7 1 1 2 -1 #SUP: 5564
3 3 5 5 5 5 5 6 7 7 7 7 1 2 1 -1 #SUP: 5520
3 3 5 5 5 5 5 6 7 7 7 7 1 2 2 -1 #SUP: 5571
3 3 5 5 5 5 5 6 7 7 7 7 2 2 2 -1 #SUP: 5532
3 3 5 5 5 5 5 6 7 7 7 7 7 1 1 -1 #SUP: 5544
3 3 5 5 5 5 5 6 7 7 7 7 7 1 2 -1 #SUP: 5559
3 3 5 5 5 5 5 6 7 7 7 7 7 2 2 -1 #SUP: 5527
3 3 5 5 5 5 5 6 7 7 7 7 7 7 1 -1 #SUP: 5540
3 3 5 5 5 5 5 7 7 7 7 1 1 1 1 -1 #SUP: 5558
3 3 5 5 5 5 5 7 7 7 7 1 2 2 2 -1 #SUP: 5529
3 3 5 5 5 5 5 7 7 7 7 7 1 1 1 -1 #SUP: 5573
3 3 5 5 5 5 5 7 7 7 7 7 1 1 2 -1 #SUP: 5518
3 3 5 5 5 5 5 7 7 7 7 7 1 2 2 -1 #SUP: 5529
3 3 5 5 5 5 5 7 7 7 7 7 7 1 1 -1 #SUP: 5543
3 3 5 5 5 5 5 7 7 7 7 7 7 1 2 -1 #SUP: 5513
3 3 5 5 5 5 5 7 7 7 7 7 7 7 1 -1 #SUP: 5539
3 3 5 5 5 5 6 7 7 7 7 1 1 1 1 -1 #SUP: 5529
3 3 5 5 5 5 6 7 7 7 7 1 1 1 2 -1 #SUP: 5542
3 3 5 5 5 5 6 7 7 7 7 1 1 2 2 -1 #SUP: 5523
3 3 5 5 5 5 6 7 7 7 7 1 2 2 1 -1 #SUP: 5517
3 3 5 5 5 5 6 7 7 7 7 1 2 2 2 -1 #SUP: 5560
3 3 5 5 5 5 6 7 7 7 7 7 1 1 1 -1 #SUP: 5544
3 3 5 5 5 5 6 7 7 7 7 7 1 1 2 -1 #SUP: 5558
3 3 5 5 5 5 6 7 7 7 7 7 1 2 2 -1 #SUP: 5562
3 3 5 5 5 5 6 7 7 7 7 7 7 1 1 -1 #SUP: 5515
3 3 5 5 5 5 6 7 7 7 7 7 7 1 2 -1 #SUP: 5551
3 3 5 5 5 5 6 7 7 7 7 7 7 7 1 -1 #SUP: 5513
3 5 5 5 5 5 5 6 7 7 7 1 1 1 1 -1 #SUP: 5520
3 5 5 5 5 5 5 6 7 7 7 1 1 1 2 -1 #SUP: 5530
3 5 5 5 5 5 5 6 7 7 7 1 1 2 2 -1 #SUP: 5527
3 5 5 5 5 5 5 6 7 7 7 1 2 1 1 -1 #SUP: 5514
3 5 5 5 5 5 5 6 7 7 7 1 2 2 1 -1 #SUP: 5516
3 5 5 5 5 5 5 6 7 7 7 1 2 2 2 -1 #SUP: 5556
3 5 5 5 5 5 5 6 7 7 7 7 1 1 1 -1 #SUP: 5549
3 5 5 5 5 5 5 6 7 7 7 7 1 1 2 -1 #SUP: 5559
3 5 5 5 5 5 5 6 7 7 7 7 1 2 2 -1 #SUP: 5557
3 5 5 5 5 5 5 6 7 7 7 7 2 2 2 -1 #SUP: 5521
3 5 5 5 5 5 5 6 7 7 7 7 7 1 1 -1 #SUP: 5528
3 5 5 5 5 5 5 6 7 7 7 7 7 1 2 -1 #SUP: 5546
3 5 5 5 5 5 5 6 7 7 7 7 7 7 1 -1 #SUP: 5521
3 5 5 5 5 5 5 7 7 7 7 1 1 1 1 -1 #SUP: 5560
3 5 5 5 5 5 5 7 7 7 7 1 1 1 2 -1 #SUP: 5522
3 5 5 5 5 5 5 7 7 7 7 1 2 2 2 -1 #SUP: 5542
3 5 5 5 5 5 5 7 7 7 7 7 1 1 1 -1 #SUP: 5574
3 5 5 5 5 5 5 7 7 7 7 7 1 1 2 -1 #SUP: 5529
3 5 5 5 5 5 5 7 7 7 7 7 1 2 2 -1 #SUP: 5532
3 5 5 5 5 5 5 7 7 7 7 7 7 1 1 -1 #SUP: 5543
3 5 5 5 5 5 5 7 7 7 7 7 7 1 2 -1 #SUP: 5516
3 5 5 5 5 5 5 7 7 7 7 7 7 7 1 -1 #SUP: 5545
3 5 5 5 5 5 6 7 7 7 1 2 2 1 1 -1 #SUP: 5549
3 5 5 5 5 5 6 7 7 7 7 1 1 1 1 -1 #SUP: 5582
3 5 5 5 5 5 6 7 7 7 7 1 1 1 2 -1 #SUP: 5603
3 5 5 5 5 5 6 7 7 7 7 1 1 2 2 -1 #SUP: 5592
3 5 5 5 5 5 6 7 7 7 7 1 2 1 1 -1 #SUP: 5575
3 5 5 5 5 5 6 7 7 7 7 1 2 1 2 -1 #SUP: 5547
3 5 5 5 5 5 6 7 7 7 7 1 2 2 1 -1 #SUP: 5584
3 5 5 5 5 5 6 7 7 7 7 1 2 2 2 -1 #SUP: 5628
3 5 5 5 5 5 6 7 7 7 7 2 2 1 1 -1 #SUP: 5551
3 5 5 5 5 5 6 7 7 7 7 2 2 2 1 -1 #SUP: 5511
3 5 5 5 5 5 6 7 7 7 7 2 2 2 2 -1 #SUP: 5523
3 5 5 5 5 5 6 7 7 7 7 7 1 1 1 -1 #SUP: 5594
3 5 5 5 5 5 6 7 7 7 7 7 1 1 2 -1 #SUP: 5613
3 5 5 5 5 5 6 7 7 7 7 7 1 2 1 -1 #SUP: 5539
3 5 5 5 5 5 6 7 7 7 7 7 1 2 2 -1 #SUP: 5617
3 5 5 5 5 5 6 7 7 7 7 7 2 2 2 -1 #SUP: 5552
3 5 5 5 5 5 6 7 7 7 7 7 7 1 1 -1 #SUP: 5566
3 5 5 5 5 5 6 7 7 7 7 7 7 1 2 -1 #SUP: 5604
3 5 5 5 5 5 6 7 7 7 7 7 7 2 2 -1 #SUP: 5528
3 5 5 5 5 5 6 7 7 7 7 7 7 7 1 -1 #SUP: 5566
3 5 5 5 5 5 6 7 7 7 7 7 7 7 2 -1 #SUP: 5515
3 5 5 5 5 5 7 7 7 7 7 1 1 1 1 -1 #SUP: 5540
3 5 5 5 5 5 7 7 7 7 7 1 2 2 2 -1 #SUP: 5535
3 5 5 5 5 5 7 7 7 7 7 7 1 1 1 -1 #SUP: 5515
3 5 5 5 5 5 7 7 7 7 7 7 1 1 2 -1 #SUP: 5513
3 5 5 5 5 5 7 7 7 7 7 7 1 2 2 -1 #SUP: 5513
3 5 5 5 5 5 7 7 7 7 7 7 7 7 1 -1 #SUP: 5536
3 5 5 5 5 6 6 7 7 7 7 1 2 2 2 -1 #SUP: 5532
3 5 5 5 5 6 6 7 7 7 7 7 1 1 2 -1 #SUP: 5522
3 5 5 5 5 6 6 7 7 7 7 7 1 2 2 -1 #SUP: 5518
3 5 5 5 5 6 6 7 7 7 7 7 7 1 2 -1 #SUP: 5514
3 5 5 5 5 6 7 7 7 7 1 2 2 1 1 -1 #SUP: 5513
3 5 5 5 5 6 7 7 7 7 7 1 1 1 2 -1 #SUP: 5527
3 5 5 5 5 6 7 7 7 7 7 1 1 2 2 -1 #SUP: 5531
3 5 5 5 5 6 7 7 7 7 7 1 2 2 2 -1 #SUP: 5564
3 5 5 5 5 6 7 7 7 7 7 7 1 1 2 -1 #SUP: 5543
3 5 5 5 5 6 7 7 7 7 7 7 1 2 2 -1 #SUP: 5538
3 5 5 5 5 6 7 7 7 7 7 7 7 1 2 -1 #SUP: 5522
5 5 5 5 5 5 6 7 7 7 7 1 1 1 2 -1 #SUP: 5517
5 5 5 5 5 5 6 7 7 7 7 1 2 2 2 -1 #SUP: 5534
5 5 5 5 5 5 6 7 7 7 7 7 1 1 2 -1 #SUP: 5517
5 5 5 5 5 5 6 7 7 7 7 7 1 2 2 -1 #SUP: 5518
5 5 5 5 5 6 7 7 7 7 7 1 1 2 2 -1 #SUP: 5513
5 5 5 5 5 6 7 7 7 7 7 1 2 2 2 -1 #SUP: 5545
5 5 5 5 5 6 7 7 7 7 7 7 1 1 2 -1 #SUP: 5518
5 5 5 5 5 6 7 7 7 7 7 7 1 2 2 -1 #SUP: 5517
