3 3 3 5 5 6 7 7 1 1 1 1 1 1 2 -1 #SUP: 5366
3 3 3 5 5 6 7 7 1 1 1 1 1 2 2 -1 #SUP: 5360
3 3 3 5 5 6 7 7 7 1 1 1 1 1 1 -1 #SUP: 5393
3 3 3 5 5 6 7 7 7 1 1 1 1 1 2 -1 #SUP: 5444
3 3 3 5 5 6 7 7 7 1 1 1 1 2 2 -1 #SUP: 5374
3 3 3 5 5 6 7 7 7 7 1 1 1 1 1 -1 #SUP: 5370
3 3 3 5 5 6 7 7 7 7 1 1 1 1 2 -1 #SUP: 5358
3 3 3 5 5 7 7 7 1 1 1 1 1 1 2 -1 #SUP: 5368
3 3 3 5 5 7 7 7 1 1 1 1 1 2 2 -1 #SUP: 5363
3 3 3 5 5 7 7 7 7 1 1 1 1 1 2 -1 #SUP: 5380
3 3 3 5 6 6 7 7 7 1 1 1 1 1 2 -1 #SUP: 5366
3 3 3 5 6 7 7 7 1 1 1 1 1 1 2 -1 #SUP: 5407
3 3 3 5 6 7 7 7 1 1 1 1 1 2 2 -1 #SUP: 5405
3 3 3 5 6 7 7 7 7 1 1 1 1 1 2 -1 #SUP: 5399
3 3 5 5 5 6 7 7 1 1 1 1 1 1 2 -1 #SUP: 5393
3 3 5 5 5 6 7 7 1 1 1 1 1 2 2 -1 #SUP: 5389
3 3 5 5 5 6 7 7 7 1 1 1 1 1 1 -1 #SUP: 5406
3 3 5 5 5 6 7 7 7 1 1 1 1 1 2 -1 #SUP: 5455
3 3 5 5 5 6 7 7 7 1 1 1 1 2 1 -1 #SUP: 5361
3 3 5 5 5 6 7 7 7 1 1 1 1 2 2 -1 #SUP: 5387
3 3 5 5 5 6 7 7 7 7 1 1 1 1 1 -1 #SUP: 5358
3 3 5 5 5 7 7 7 1 1 1 1 1 1 2 -1 #SUP: 5393
3 3 5 5 5 7 7 7 1 1 1 1 1 2 2 -1 #SUP: 5390
3 3 5 5 5 7 7 7 7 1 1 1 1 1 2 -1 #SUP: 5371
3 3 5 5 6 6 7 7 1 1 1 1 1 1 2 -1 #SUP: 5451
3 3 5 5 6 6 7 7 1 1 1 1 1 2 1 -1 #SUP: 5367
3 3 5 5 6 6 7 7 1 1 1 1 1 2 2 -1 #SUP: 5453
3 3 5 5 6 6 7 7 1 1 1 1 2 1 2 -1 #SUP: 5371
3 3 5 5 6 6 7 7 7 1 1 1 1 1 1 -1 #SUP: 5453
3 3 5 5 6 6 7 7 7 1 1 1 1 1 2 -1 #SUP: 5515
3 3 5 5 6 6 7 7 7 1 1 1 1 2 1 -1 #SUP: 5418
3 3 5 5 6 6 7 7 7 1 1 1 1 2 2 -1 #SUP: 5451
3 3 5 5 6 6 7 7 7 1 1 1 2 1 2 -1 #SUP: 5363
3 3 5 5 6 6 7 7 7 7 1 1 1 1 1 -1 #SUP: 5381
3 3 5 5 6 6 7 7 7 7 1 1 1 1 2 -1 #SUP: 5376
3 3 5 5 6 7 7 1 1 1 1 1 1 2 2 -1 #SUP: 5411
3 3 5 5 6 7 7 7 1 1 1 1 1 1 2 -1 #SUP: 5514
3 3 5 5 6 7 7 7 1 1 1 1 1 2 1 -1 #SUP: 5430
3 3 5 5 6 7 7 7 1 1 1 1 1 2 2 -1 #SUP: 5514
3 3 5 5 6 7 7 7 1 1 1 1 2 1 2 -1 #SUP: 5433
3 3 5 5 6 7 7 7 7 1 1 1 1 1 1 -1 #SUP: 5433
3 3 5 5 6 7 7 7 7 1 1 1 1 1 2 -1 #SUP: 5490
3 3 5 5 6 7 7 7 7 1 1 1 1 2 1 -1 #SUP: 5392
3 3 5 5 6 7 7 7 7 1 1 1 1 2 2 -1 #SUP: 5427
3 3 5 5 7 7 7 1 1 1 1 1 1 2 2 -1 #SUP: 5386
3 3 5 5 7 7 7 7 1 1 1 1 1 1 2 -1 #SUP: 5409
3 3 5 5 7 7 7 7 1 1 1 1 1 2 2 -1 #SUP: 5415
3 3 5 6 6 7 7 1 1 1 1 1 1 2 2 -1 #SUP: 5389
3 3 5 6 6 7 7 7 1 1 1 1 1 1 2 -1 #SUP: 5478
3 3 5 6 6 7 7 7 1 1 1 1 1 2 1 -1 #SUP: 5394
3 3 5 6 6 7 7 7 1 1 1 1 1 2 2 -1 #SUP: 5480
3 3 5 6 6 7 7 7 1 1 1 1 2 1 2 -1 #SUP: 5399
3 3 5 6 6 7 7 7 7 1 1 1 1 1 1 -1 #SUP: 5372
3 3 5 6 6 7 7 7 7 1 1 1 1 1 2 -1 #SUP: 5436
3 3 5 6 6 7 7 7 7 1 1 1 1 2 2 -1 #SUP: 5374
3 3 5 6 7 7 7 1 1 1 1 1 1 2 2 -1 #SUP: 5414
3 3 5 6 7 7 7 1 1 1 1 1 2 1 2 -1 #SUP: 5357
3 3 5 6 7 7 7 7 1 1 1 1 1 1 2 -1 #SUP: 5424
3 3 5 6 7 7 7 7 1 1 1 1 1 2 2 -1 #SUP: 5431
3 4 5 5 6 7 7 7 1 1 1 1 1 1 2 -1 #SUP: 5415
3 4 5 5 6 7 7 7 1 1 1 1 1 2 2 -1 #SUP: 5414
3 4 5 5 6 7 7 7 7 1 1 1 1 1 2 -1 #SUP: 5390
3 4 5 6 7 7 7 7 1 1 1 1 1 1 2 -1 #SUP: 5357
3 4 5 6 7 7 7 7 1 1 1 1 1 2 2 -1 #SUP: 5363
3 5 5 5 5 6 7 7 1 1 1 1 1 1 2 -1 #SUP: 5405
3 5 5 5 5 6 7 7 1 1 1 1 1 2 2 -1 #SUP: 5407
3 5 5 5 5 6 7 7 7 1 1 1 1 1 1 -1 #SUP: 5418
3 5 5 5 5 6 7 7 7 1 1 1 1 1 2 -1 #SUP: 5476
3 5 5 5 5 6 7 7 7 1 1 1 1 2 1 -1 #SUP: 5384
3 5 5 5 5 6 7 7 7 1 1 1 1 2 2 -1 #SUP: 5404
3 5 5 5 5 6 7 7 7 7 1 1 1 1 1 -1 #SUP: 5378
3 5 5 5 5 6 7 7 7 7 1 1 1 1 2 -1 #SUP: 5364
3 5 5 5 5 7 7 7 1 1 1 1 1 1 2 -1 #SUP: 5413
3 5 5 5 5 7 7 7 1 1 1 1 1 2 2 -1 #SUP: 5417
3 5 5 5 5 7 7 7 7 1 1 1 1 1 2 -1 #SUP: 5401
3 5 5 5 6 6 7 7 1 1 1 1 1 1 2 -1 #SUP: 5432
3 5 5 5 6 6 7 7 1 1 1 1 1 2 2 -1 #SUP: 5439
3 5 5 5 6 6 7 7 1 1 1 1 2 1 2 -1 #SUP: 5365
3 5 5 5 6 6 7 7 7 1 1 1 1 1 1 -1 #SUP: 5427
3 5 5 5 6 6 7 7 7 1 1 1 1 1 2 -1 #SUP: 5490
3 5 5 5 6 6 7 7 7 1 1 1 1 2 1 -1 #SUP: 5398
3 5 5 5 6 6 7 7 7 1 1 1 1 2 2 -1 #SUP: 5429
3 5 5 5 6 6 7 7 7 7 1 1 1 1 1 -1 #SUP: 5376
3 5 5 5 6 6 7 7 7 7 1 1 1 1 2 -1 #SUP: 5370
3 5 5 5 6 7 7 1 1 1 1 1 1 2 2 -1 #SUP: 5422
3 5 5 5 6 7 7 1 1 1 1 1 2 1 2 -1 #SUP: 5363
3 5 5 5 6 7 7 7 1 1 1 1 1 1 1 -1 #SUP: 5353
3 5 5 5 6 7 7 7 1 1 1 1 1 1 2 -1 #SUP: 5517
3 5 5 5 6 7 7 7 1 1 1 1 1 2 1 -1 #SUP: 5433
3 5 5 5 6 7 7 7 1 1 1 1 1 2 2 -1 #SUP: 5523
3 5 5 5 6 7 7 7 1 1 1 1 2 1 2 -1 #SUP: 5445
3 5 5 5 6 7 7 7 1 1 1 1 2 2 2 -1 #SUP: 5355
3 5 5 5 6 7 7 7 7 1 1 1 1 1 1 -1 #SUP: 5427
3 5 5 5 6 7 7 7 7 1 1 1 1 1 2 -1 #SUP: 5489
3 5 5 5 6 7 7 7 7 1 1 1 1 2 1 -1 #SUP: 5392
3 5 5 5 6 7 7 7 7 1 1 1 1 2 2 -1 #SUP: 5428
3 5 5 5 7 7 7 1 1 1 1 1 1 2 2 -1 #SUP: 5395
3 5 5 5 7 7 7 7 1 1 1 1 1 1 2 -1 #SUP: 5404
3 5 5 5 7 7 7 7 1 1 1 1 1 2 2 -1 #SUP: 5415
3 5 5 6 6 6 7 7 1 1 1 1 1 1 2 -1 #SUP: 5361
3 5 5 6 6 6 7 7 1 1 1 1 1 2 2 -1 #SUP: 5376
3 5 5 6 6 6 7 7 7 1 1 1 1 1 2 -1 #SUP: 5416
3 5 5 6 6 6 7 7 7 1 1 1 1 2 2 -1 #SUP: 5359
3 5 5 6 6 7 7 1 1 1 1 1 1 2 2 -1 #SUP: 5434
3 5 5 6 6 7 7 1 1 1 1 1 2 1 2 -1 #SUP: 5374
3 5 5 6 6 7 7 7 1 1 1 1 1 1 2 -1 #SUP: 5518
3 5 5 6 6 7 7 7 1 1 1 1 1 2 1 -1 #SUP: 5435
3 5 5 6 6 7 7 7 1 1 1 1 1 2 2 -1 #SUP: 5528
3 5 5 6 6 7 7 7 1 1 1 1 2 1 2 -1 #SUP: 5449
3 5 5 6 6 7 7 7 1 1 1 1 2 2 2 -1 #SUP: 5369
3 5 5 6 6 7 7 7 7 1 1 1 1 1 1 -1 #SUP: 5423
3 5 5 6 6 7 7 7 7 1 1 1 1 1 2 -1 #SUP: 5494
3 5 5 6 6 7 7 7 7 1 1 1 1 2 1 -1 #SUP: 5395
3 5 5 6 6 7 7 7 7 1 1 1 1 2 2 -1 #SUP: 5435
3 5 5 6 7 7 7 1 1 1 1 1 1 2 2 -1 #SUP: 5446
3 5 5 6 7 7 7 1 1 1 1 1 2 1 2 -1 #SUP: 5388
3 5 5 6 7 7 7 1 1 1 1 1 2 2 2 -1 #SUP: 5356
3 5 5 6 7 7 7 7 1 1 1 1 1 1 2 -1 #SUP: 5452
3 5 5 6 7 7 7 7 1 1 1 1 1 2 1 -1 #SUP: 5367
3 5 5 6 7 7 7 7 1 1 1 1 1 2 2 -1 #SUP: 5464
3 5 5 6 7 7 7 7 1 1 1 1 2 1 2 -1 #SUP: 5383
3 5 6 6 6 7 7 1 1 1 1 1 1 2 2 -1 #SUP: 5380
3 5 6 6 6 7 7 7 1 1 1 1 1 1 2 -1 #SUP: 5460
3 5 6 6 6 7 7 7 1 1 1 1 1 2 1 -1 #SUP: 5376
3 5 6 6 6 7 7 7 1 1 1 1 1 2 2 -1 #SUP: 5472
3 5 6 6 6 7 7 7 1 1 1 1 2 1 2 -1 #SUP: 5391
3 5 6 6 6 7 7 7 7 1 1 1 1 1 2 -1 #SUP: 5417
3 5 6 6 6 7 7 7 7 1 1 1 1 2 2 -1 #SUP: 5359
3 5 6 6 7 7 7 1 1 1 1 1 1 2 2 -1 #SUP: 5423
3 5 6 6 7 7 7 1 1 1 1 1 2 1 2 -1 #SUP: 5365
3 5 6 6 7 7 7 7 1 1 1 1 1 1 2 -1 #SUP: 5424
3 5 6 6 7 7 7 7 1 1 1 1 1 2 2 -1 #SUP: 5437
3 5 6 6 7 7 7 7 1 1 1 1 2 1 2 -1 #SUP: 5356
4 5 5 6 7 7 7 1 1 1 1 1 1 2 2 -1 #SUP: 5359
4 5 5 6 7 7 7 7 1 1 1 1 1 1 2 -1 #SUP: 5353
4 5 5 6 7 7 7 7 1 1 1 1 1 2 2 -1 #SUP: 5362
5 4 3 5 5 6 7 7 1 1 1 1 1 1 2 -1 #SUP: 5383
5 4 3 5 5 6 7 7 1 1 1 1 1 2 2 -1 #SUP: 5380
5 4 3 5 5 6 7 7 7 1 1 1 1 1 1 -1 #SUP: 5393
5 4 3 5 5 6 7 7 7 1 1 1 1 1 2 -1 #SUP: 5450
5 4 3 5 5 6 7 7 7 1 1 1 1 2 1 -1 #SUP: 5353
5 4 3 5 5 6 7 7 7 1 1 1 1 2 2 -1 #SUP: 5382
5 4 3 5 5 7 7 7 1 1 1 1 1 1 2 -1 #SUP: 5398
5 4 3 5 5 7 7 7 1 1 1 1 1 2 2 -1 #SUP: 5397
5 4 3 5 5 7 7 7 7 1 1 1 1 1 2 -1 #SUP: 5391
5 4 3 5 6 7 7 7 1 1 1 1 1 1 2 -1 #SUP: 5446
5 4 3 5 6 7 7 7 1 1 1 1 1 2 1 -1 #SUP: 5363
5 4 3 5 6 7 7 7 1 1 1 1 1 2 2 -1 #SUP: 5449
5 4 3 5 6 7 7 7 1 1 1 1 2 1 2 -1 #SUP: 5372
5 4 3 5 6 7 7 7 7 1 1 1 1 1 1 -1 #SUP: 5359
5 4 3 5 6 7 7 7 7 1 1 1 1 1 2 -1 #SUP: 5420
5 4 3 5 6 7 7 7 7 1 1 1 1 2 2 -1 #SUP: 5359
5 4 3 5 7 7 7 7 1 1 1 1 1 1 2 -1 #SUP: 5360
5 4 3 5 7 7 7 7 1 1 1 1 1 2 2 -1 #SUP: 5368
5 4 5 5 6 7 7 1 1 1 1 1 1 2 2 -1 #SUP: 5374
5 4 5 5 6 7 7 7 1 1 1 1 1 1 2 -1 #SUP: 5467
5 4 5 5 6 7 7 7 1 1 1 1 1 2 1 -1 #SUP: 5380
5 4 5 5 6 7 7 7 1 1 1 1 1 2 2 -1 #SUP: 5469
5 4 5 5 6 7 7 7 1 1 1 1 2 1 2 -1 #SUP: 5390
5 4 5 5 6 7 7 7 7 1 1 1 1 1 1 -1 #SUP: 5371
5 4 5 5 6 7 7 7 7 1 1 1 1 1 2 -1 #SUP: 5434
5 4 5 5 6 7 7 7 7 1 1 1 1 2 2 -1 #SUP: 5372
5 4 5 5 7 7 7 1 1 1 1 1 1 2 2 -1 #SUP: 5382
5 4 5 5 7 7 7 7 1 1 1 1 1 1 2 -1 #SUP: 5391
5 4 5 5 7 7 7 7 1 1 1 1 1 2 2 -1 #SUP: 5399
5 4 5 6 7 7 7 1 1 1 1 1 1 2 2 -1 #SUP: 5409
5 4 5 6 7 7 7 1 1 1 1 1 2 1 2 -1 #SUP: 5353
5 4 5 6 7 7 7 7 1 1 1 1 1 1 2 -1 #SUP: 5402
5 4 5 6 7 7 7 7 1 1 1 1 1 2 2 -1 #SUP: 5412
5 5 3 5 5 6 7 7 7 1 1 1 1 1 2 -1 #SUP: 5367
5 5 3 5 6 7 7 7 1 1 1 1 1 1 2 -1 #SUP: 5368
5 5 3 5 6 7 7 7 1 1 1 1 1 2 2 -1 #SUP: 5362
5 5 4 3 5 5 6 7 7 1 1 1 1 1 1 -1 #SUP: 5371
5 5 4 3 5 5 6 7 7 1 1 1 1 1 2 -1 #SUP: 5421
5 5 4 3 5 5 6 7 7 7 1 1 1 1 1 -1 #SUP: 5412
5 5 4 3 5 5 6 7 7 7 1 1 1 1 2 -1 #SUP: 5399
5 5 4 3 5 5 7 7 1 1 1 1 1 1 2 -1 #SUP: 5373
5 5 4 3 5 5 7 7 1 1 1 1 1 2 2 -1 #SUP: 5363
5 5 4 3 5 5 7 7 7 1 1 1 1 1 1 -1 #SUP: 5384
5 5 4 3 5 5 7 7 7 1 1 1 1 1 2 -1 #SUP: 5436
5 5 4 3 5 5 7 7 7 1 1 1 1 2 2 -1 #SUP: 5366
5 5 4 3 5 6 7 7 1 1 1 1 1 1 2 -1 #SUP: 5423
5 5 4 3 5 6 7 7 1 1 1 1 1 2 2 -1 #SUP: 5416
5 5 4 3 5 6 7 7 7 1 1 1 1 1 1 -1 #SUP: 5432
5 5 4 3 5 6 7 7 7 1 1 1 1 1 2 -1 #SUP: 5485
5 5 4 3 5 6 7 7 7 1 1 1 1 2 1 -1 #SUP: 5391
5 5 4 3 5 6 7 7 7 1 1 1 1 2 2 -1 #SUP: 5415
5 5 4 3 5 6 7 7 7 7 1 1 1 1 1 -1 #SUP: 5378
5 5 4 3 5 6 7 7 7 7 1 1 1 1 2 -1 #SUP: 5367
5 5 4 3 5 7 7 7 1 1 1 1 1 1 2 -1 #SUP: 5422
5 5 4 3 5 7 7 7 1 1 1 1 1 2 2 -1 #SUP: 5416
5 5 4 3 5 7 7 7 7 1 1 1 1 1 2 -1 #SUP: 5400
5 5 4 3 6 7 7 7 1 1 1 1 1 1 2 -1 #SUP: 5383
5 5 4 3 6 7 7 7 1 1 1 1 1 2 2 -1 #SUP: 5377
5 5 4 5 5 6 7 7 1 1 1 1 1 1 2 -1 #SUP: 5458
5 5 4 5 5 6 7 7 1 1 1 1 1 2 1 -1 #SUP: 5373
5 5 4 5 5 6 7 7 1 1 1 1 1 2 2 -1 #SUP: 5453
5 5 4 5 5 6 7 7 1 1 1 1 2 1 2 -1 #SUP: 5376
5 5 4 5 5 6 7 7 7 1 1 1 1 1 1 -1 #SUP: 5460
5 5 4 5 5 6 7 7 7 1 1 1 1 1 2 -1 #SUP: 5517
5 5 4 5 5 6 7 7 7 1 1 1 1 2 1 -1 #SUP: 5420
5 5 4 5 5 6 7 7 7 1 1 1 1 2 2 -1 #SUP: 5448
5 5 4 5 5 6 7 7 7 1 1 1 2 1 2 -1 #SUP: 5360
5 5 4 5 5 6 7 7 7 7 1 1 1 1 1 -1 #SUP: 5402
5 5 4 5 5 6 7 7 7 7 1 1 1 1 2 -1 #SUP: 5392
5 5 4 5 5 7 7 1 1 1 1 1 1 2 2 -1 #SUP: 5373
5 5 4 5 5 7 7 7 1 1 1 1 1 1 2 -1 #SUP: 5468
5 5 4 5 5 7 7 7 1 1 1 1 1 2 1 -1 #SUP: 5383
5 5 4 5 5 7 7 7 1 1 1 1 1 2 2 -1 #SUP: 5465
5 5 4 5 5 7 7 7 1 1 1 1 2 1 2 -1 #SUP: 5388
5 5 4 5 5 7 7 7 7 1 1 1 1 1 1 -1 #SUP: 5385
5 5 4 5 5 7 7 7 7 1 1 1 1 1 2 -1 #SUP: 5446
5 5 4 5 5 7 7 7 7 1 1 1 1 2 2 -1 #SUP: 5382
5 5 4 5 6 7 7 1 1 1 1 1 1 2 2 -1 #SUP: 5413
5 5 4 5 6 7 7 1 1 1 1 1 2 1 2 -1 #SUP: 5357
5 5 4 5 6 7 7 7 1 1 1 1 1 1 2 -1 #SUP: 5504
5 5 4 5 6 7 7 7 1 1 1 1 1 2 1 -1 #SUP: 5422
5 5 4 5 6 7 7 7 1 1 1 1 1 2 2 -1 #SUP: 5504
5 5 4 5 6 7 7 7 1 1 1 1 2 1 2 -1 #SUP: 5430
5 5 4 5 6 7 7 7 7 1 1 1 1 1 1 -1 #SUP: 5404
5 5 4 5 6 7 7 7 7 1 1 1 1 1 2 -1 #SUP: 5465
5 5 4 5 6 7 7 7 7 1 1 1 1 2 1 -1 #SUP: 5367
5 5 4 5 6 7 7 7 7 1 1 1 1 2 2 -1 #SUP: 5402
5 5 4 5 7 7 7 1 1 1 1 1 1 2 2 -1 #SUP: 5408
5 5 4 5 7 7 7 1 1 1 1 1 2 1 2 -1 #SUP: 5354
5 5 4 5 7 7 7 7 1 1 1 1 1 1 2 -1 #SUP: 5411
5 5 4 5 7 7 7 7 1 1 1 1 1 2 2 -1 #SUP: 5416
5 5 4 6 7 7 7 1 1 1 1 1 1 2 2 -1 #SUP: 5369
5 5 4 6 7 7 7 7 1 1 1 1 1 1 2 -1 #SUP: 5361
5 5 4 6 7 7 7 7 1 1 1 1 1 2 2 -1 #SUP: 5365
5 5 5 4 5 6 7 7 7 1 1 1 1 1 1 -1 #SUP: 5355
5 5 5 4 5 6 7 7 7 1 1 1 1 1 2 -1 #SUP: 5403
5 5 5 4 5 7 7 7 1 1 1 1 1 1 2 -1 #SUP: 5353
5 5 5 5 5 5 6 7 1 1 1 1 1 1 2 -1 #SUP: 5418
5 5 5 5 5 5 6 7 1 1 1 1 1 2 2 -1 #SUP: 5397
5 5 5 5 5 5 6 7 7 1 1 1 1 1 1 -1 #SUP: 5467
5 5 5 5 5 5 6 7 7 1 1 1 1 1 2 -1 #SUP: 5511
5 5 5 5 5 5 6 7 7 1 1 1 1 2 1 -1 #SUP: 5417
5 5 5 5 5 5 6 7 7 1 1 1 1 2 2 -1 #SUP: 5436
5 5 5 5 5 5 6 7 7 7 1 1 1 1 1 -1 #SUP: 5494
5 5 5 5 5 5 6 7 7 7 1 1 1 1 2 -1 #SUP: 5478
5 5 5 5 5 5 6 7 7 7 1 1 1 2 1 -1 #SUP: 5388
5 5 5 5 5 5 6 7 7 7 1 1 1 2 2 -1 #SUP: 5391
5 5 5 5 5 5 6 7 7 7 7 1 1 1 1 -1 #SUP: 5357
5 5 5 5 5 5 7 7 1 1 1 1 1 1 2 -1 #SUP: 5468
5 5 5 5 5 5 7 7 1 1 1 1 1 2 1 -1 #SUP: 5381
5 5 5 5 5 5 7 7 1 1 1 1 1 2 2 -1 #SUP: 5451
5 5 5 5 5 5 7 7 1 1 1 1 2 1 2 -1 #SUP: 5373
5 5 5 5 5 5 7 7 7 1 1 1 1 1 1 -1 #SUP: 5471
5 5 5 5 5 5 7 7 7 1 1 1 1 1 2 -1 #SUP: 5517
5 5 5 5 5 5 7 7 7 1 1 1 1 2 1 -1 #SUP: 5424
5 5 5 5 5 5 7 7 7 1 1 1 1 2 2 -1 #SUP: 5443
5 5 5 5 5 5 7 7 7 1 1 1 2 1 2 -1 #SUP: 5360
5 5 5 5 5 5 7 7 7 7 1 1 1 1 1 -1 #SUP: 5412
5 5 5 5 5 5 7 7 7 7 1 1 1 1 2 -1 #SUP: 5396
5 5 5 5 5 6 6 7 7 1 1 1 1 1 1 -1 #SUP: 5383
5 5 5 5 5 6 6 7 7 1 1 1 1 1 2 -1 #SUP: 5440
5 5 5 5 5 6 6 7 7 1 1 1 1 2 2 -1 #SUP: 5375
5 5 5 5 5 6 6 7 7 7 1 1 1 1 1 -1 #SUP: 5405
5 5 5 5 5 6 6 7 7 7 1 1 1 1 2 -1 #SUP: 5398
5 5 5 5 5 6 7 1 1 1 1 1 1 2 2 -1 #SUP: 5423
5 5 5 5 5 6 7 1 1 1 1 1 2 1 2 -1 #SUP: 5365
5 5 5 5 5 6 7 7 1 1 1 1 1 1 1 -1 #SUP: 5408
5 5 5 5 5 6 7 7 1 1 1 1 1 1 2 -1 #SUP: 5567
5 5 5 5 5 6 7 7 1 1 1 1 1 2 1 -1 #SUP: 5481
5 5 5 5 5 6 7 7 1 1 1 1 1 2 2 -1 #SUP: 5563
5 5 5 5 5 6 7 7 1 1 1 1 2 1 2 -1 #SUP: 5485
5 5 5 5 5 6 7 7 1 1 1 1 2 2 2 -1 #SUP: 5393
5 5 5 5 5 6 7 7 7 1 1 1 1 1 1 -1 #SUP: 5568
5 5 5 5 5 6 7 7 7 1 1 1 1 1 2 -1 #SUP: 5627
5 5 5 5 5 6 7 7 7 1 1 1 1 2 1 -1 #SUP: 5531
5 5 5 5 5 6 7 7 7 1 1 1 1 2 2 -1 #SUP: 5555
5 5 5 5 5 6 7 7 7 1 1 1 2 1 2 -1 #SUP: 5470
5 5 5 5 5 6 7 7 7 1 1 1 2 2 2 -1 #SUP: 5360
5 5 5 5 5 6 7 7 7 7 1 1 1 1 1 -1 #SUP: 5509
5 5 5 5 5 6 7 7 7 7 1 1 1 1 2 -1 #SUP: 5497
5 5 5 5 5 6 7 7 7 7 1 1 1 2 1 -1 #SUP: 5404
5 5 5 5 5 6 7 7 7 7 1 1 1 2 2 -1 #SUP: 5418
5 5 5 5 5 7 7 1 1 1 1 1 1 1 2 -1 #SUP: 5356
5 5 5 5 5 7 7 1 1 1 1 1 1 2 2 -1 #SUP: 5457
5 5 5 5 5 7 7 1 1 1 1 1 2 1 2 -1 #SUP: 5398
5 5 5 5 5 7 7 1 1 1 1 1 2 2 2 -1 #SUP: 5354
5 5 5 5 5 7 7 7 1 1 1 1 1 1 1 -1 #SUP: 5395
5 5 5 5 5 7 7 7 1 1 1 1 1 1 2 -1 #SUP: 5554
5 5 5 5 5 7 7 7 1 1 1 1 1 2 1 -1 #SUP: 5469
5 5 5 5 5 7 7 7 1 1 1 1 1 2 2 -1 #SUP: 5552
5 5 5 5 5 7 7 7 1 1 1 1 2 1 2 -1 #SUP: 5475
5 5 5 5 5 7 7 7 1 1 1 1 2 2 2 -1 #SUP: 5384
5 5 5 5 5 7 7 7 7 1 1 1 1 1 1 -1 #SUP: 5462
5 5 5 5 5 7 7 7 7 1 1 1 1 1 2 -1 #SUP: 5524
5 5 5 5 5 7 7 7 7 1 1 1 1 2 1 -1 #SUP: 5426
5 5 5 5 5 7 7 7 7 1 1 1 1 2 2 -1 #SUP: 5458
5 5 5 5 5 7 7 7 7 1 1 1 2 1 2 -1 #SUP: 5372
5 5 5 5 6 6 7 7 1 1 1 1 1 1 2 -1 #SUP: 5482
5 5 5 5 6 6 7 7 1 1 1 1 1 2 1 -1 #SUP: 5400
5 5 5 5 6 6 7 7 1 1 1 1 1 2 2 -1 #SUP: 5487
5 5 5 5 6 6 7 7 1 1 1 1 2 1 2 -1 #SUP: 5414
5 5 5 5 6 6 7 7 7 1 1 1 1 1 1 -1 #SUP: 5473
5 5 5 5 6 6 7 7 7 1 1 1 1 1 2 -1 #SUP: 5536
5 5 5 5 6 6 7 7 7 1 1 1 1 2 1 -1 #SUP: 5442
5 5 5 5 6 6 7 7 7 1 1 1 1 2 2 -1 #SUP: 5475
5 5 5 5 6 6 7 7 7 1 1 1 2 1 2 -1 #SUP: 5391
5 5 5 5 6 6 7 7 7 7 1 1 1 1 1 -1 #SUP: 5400
5 5 5 5 6 6 7 7 7 7 1 1 1 1 2 -1 #SUP: 5394
5 5 5 5 6 7 7 1 1 1 1 1 1 1 2 -1 #SUP: 5381
5 5 5 5 6 7 7 1 1 1 1 1 1 2 2 -1 #SUP: 5490
5 5 5 5 6 7 7 1 1 1 1 1 2 1 2 -1 #SUP: 5431
5 5 5 5 6 7 7 1 1 1 1 1 2 2 2 -1 #SUP: 5395
5 5 5 5 6 7 7 7 1 1 1 1 1 1 1 -1 #SUP: 5419
5 5 5 5 6 7 7 7 1 1 1 1 1 1 2 -1 #SUP: 5588
5 5 5 5 6 7 7 7 1 1 1 1 1 2 1 -1 #SUP: 5502
5 5 5 5 6 7 7 7 1 1 1 1 1 2 2 -1 #SUP: 5594
5 5 5 5 6 7 7 7 1 1 1 1 2 1 2 -1 #SUP: 5516
5 5 5 5 6 7 7 7 1 1 1 1 2 2 2 -1 #SUP: 5428
5 5 5 5 6 7 7 7 7 1 1 1 1 1 1 -1 #SUP: 5489
5 5 5 5 6 7 7 7 7 1 1 1 1 1 2 -1 #SUP: 5555
5 5 5 5 6 7 7 7 7 1 1 1 1 2 1 -1 #SUP: 5455
5 5 5 5 6 7 7 7 7 1 1 1 1 2 2 -1 #SUP: 5493
5 5 5 5 6 7 7 7 7 1 1 1 2 1 2 -1 #SUP: 5405
5 5 5 5 7 7 7 1 1 1 1 1 1 1 2 -1 #SUP: 5357
5 5 5 5 7 7 7 1 1 1 1 1 1 2 2 -1 #SUP: 5466
5 5 5 5 7 7 7 1 1 1 1 1 2 1 2 -1 #SUP: 5407
5 5 5 5 7 7 7 1 1 1 1 1 2 2 2 -1 #SUP: 5376
5 5 5 5 7 7 7 7 1 1 1 1 1 1 2 -1 #SUP: 5466
5 5 5 5 7 7 7 7 1 1 1 1 1 2 1 -1 #SUP: 5379
5 5 5 5 7 7 7 7 1 1 1 1 1 2 2 -1 #SUP: 5477
5 5 5 5 7 7 7 7 1 1 1 1 2 1 2 -1 #SUP: 5397
5 5 5 6 6 7 7 1 1 1 1 1 1 2 2 -1 #SUP: 5422
5 5 5 6 6 7 7 1 1 1 1 1 2 1 2 -1 #SUP: 5367
5 5 5 6 6 7 7 7 1 1 1 1 1 1 2 -1 #SUP: 5508
5 5 5 6 6 7 7 7 1 1 1 1 1 2 1 -1 #SUP: 5426
5 5 5 6 6 7 7 7 1 1 1 1 1 2 2 -1 #SUP: 5520
5 5 5 6 6 7 7 7 1 1 1 1 2 1 2 -1 #SUP: 5445
5 5 5 6 6 7 7 7 1 1 1 1 2 2 2 -1 #SUP: 5362
5 5 5 6 6 7 7 7 7 1 1 1 1 1 1 -1 #SUP: 5408
5 5 5 6 6 7 7 7 7 1 1 1 1 1 2 -1 #SUP: 5479
5 5 5 6 6 7 7 7 7 1 1 1 1 2 1 -1 #SUP: 5381
5 5 5 6 6 7 7 7 7 1 1 1 1 2 2 -1 #SUP: 5421
5 5 5 6 7 7 7 1 1 1 1 1 1 1 2 -1 #SUP: 5356
5 5 5 6 7 7 7 1 1 1 1 1 1 2 2 -1 #SUP: 5466
5 5 5 6 7 7 7 1 1 1 1 1 2 1 2 -1 #SUP: 5411
5 5 5 6 7 7 7 1 1 1 1 1 2 2 2 -1 #SUP: 5378
5 5 5 6 7 7 7 7 1 1 1 1 1 1 2 -1 #SUP: 5465
5 5 5 6 7 7 7 7 1 1 1 1 1 2 1 -1 #SUP: 5381
5 5 5 6 7 7 7 7 1 1 1 1 1 2 2 -1 #SUP: 5479
5 5 5 6 7 7 7 7 1 1 1 1 2 1 2 -1 #SUP: 5401
5 5 6 5 5 6 7 7 7 1 1 1 1 1 2 -1 #SUP: 5385
5 5 6 5 6 6 7 7 7 1 1 1 1 1 2 -1 #SUP: 5374
5 5 6 5 6 7 7 7 1 1 1 1 1 1 2 -1 #SUP: 5430
5 5 6 5 6 7 7 7 1 1 1 1 1 2 1 -1 #SUP: 5357
5 5 6 5 6 7 7 7 1 1 1 1 1 2 2 -1 #SUP: 5444
5 5 6 5 6 7 7 7 1 1 1 1 2 1 2 -1 #SUP: 5374
5 5 6 5 6 7 7 7 7 1 1 1 1 1 2 -1 #SUP: 5407
5 5 6 5 6 7 7 7 7 1 1 1 1 2 2 -1 #SUP: 5356
5 5 6 6 6 7 7 1 1 1 1 1 1 2 2 -1 #SUP: 5379
5 5 6 6 6 7 7 7 1 1 1 1 1 1 2 -1 #SUP: 5456
5 5 6 6 6 7 7 7 1 1 1 1 1 2 1 -1 #SUP: 5379
5 5 6 6 6 7 7 7 1 1 1 1 1 2 2 -1 #SUP: 5473
5 5 6 6 6 7 7 7 1 1 1 1 2 1 2 -1 #SUP: 5399
5 5 6 6 6 7 7 7 7 1 1 1 1 1 2 -1 #SUP: 5428
5 5 6 6 6 7 7 7 7 1 1 1 1 2 2 -1 #SUP: 5375
5 5 6 6 7 7 7 1 1 1 1 1 1 2 2 -1 #SUP: 5437
5 5 6 6 7 7 7 1 1 1 1 1 2 1 2 -1 #SUP: 5382
5 5 6 6 7 7 7 7 1 1 1 1 1 1 2 -1 #SUP: 5441
5 5 6 6 7 7 7 7 1 1 1 1 1 2 1 -1 #SUP: 5358
5 5 6 6 7 7 7 7 1 1 1 1 1 2 2 -1 #SUP: 5458
5 5 6 6 7 7 7 7 1 1 1 1 2 1 2 -1 #SUP: 5379
5 6 3 5 6 7 7 7 1 1 1 1 1 2 2 -1 #SUP: 5368
5 6 4 3 5 5 6 7 7 1 1 1 1 1 2 -1 #SUP: 5402
5 6 4 3 5 5 6 7 7 7 1 1 1 1 1 -1 #SUP: 5367
5 6 4 3 5 5 6 7 7 7 1 1 1 1 2 -1 #SUP: 5380
5 6 4 3 5 5 7 7 1 1 1 1 1 2 2 -1 #SUP: 5367
5 6 4 3 5 5 7 7 7 1 1 1 1 1 2 -1 #SUP: 5420
5 6 4 3 5 5 7 7 7 1 1 1 1 2 2 -1 #SUP: 5369
5 6 4 3 5 6 7 7 1 1 1 1 1 1 2 -1 #SUP: 5401
5 6 4 3 5 6 7 7 1 1 1 1 1 2 2 -1 #SUP: 5421
5 6 4 3 5 6 7 7 7 1 1 1 1 1 1 -1 #SUP: 5383
5 6 4 3 5 6 7 7 7 1 1 1 1 1 2 -1 #SUP: 5470
5 6 4 3 5 6 7 7 7 1 1 1 1 2 1 -1 #SUP: 5384
5 6 4 3 5 6 7 7 7 1 1 1 1 2 2 -1 #SUP: 5419
5 6 4 3 5 6 7 7 7 7 1 1 1 1 2 -1 #SUP: 5354
5 6 4 3 5 7 7 7 1 1 1 1 1 1 2 -1 #SUP: 5401
5 6 4 3 5 7 7 7 1 1 1 1 1 2 2 -1 #SUP: 5422
5 6 4 3 5 7 7 7 7 1 1 1 1 1 2 -1 #SUP: 5388
5 6 4 3 6 7 7 7 1 1 1 1 1 1 2 -1 #SUP: 5362
5 6 4 3 6 7 7 7 1 1 1 1 1 2 2 -1 #SUP: 5383
5 6 4 5 5 6 7 7 1 1 1 1 1 1 2 -1 #SUP: 5414
5 6 4 5 5 6 7 7 1 1 1 1 1 2 2 -1 #SUP: 5433
5 6 4 5 5 6 7 7 1 1 1 1 2 1 2 -1 #SUP: 5355
5 6 4 5 5 6 7 7 7 1 1 1 1 1 1 -1 #SUP: 5389
5 6 4 5 5 6 7 7 7 1 1 1 1 1 2 -1 #SUP: 5478
5 6 4 5 5 6 7 7 7 1 1 1 1 2 1 -1 #SUP: 5388
5 6 4 5 5 6 7 7 7 1 1 1 1 2 2 -1 #SUP: 5427
5 6 4 5 5 7 7 7 1 1 1 1 1 1 2 -1 #SUP: 5428
5 6 4 5 5 7 7 7 1 1 1 1 1 2 2 -1 #SUP: 5449
5 6 4 5 5 7 7 7 1 1 1 1 2 1 2 -1 #SUP: 5371
5 6 4 5 5 7 7 7 7 1 1 1 1 1 2 -1 #SUP: 5411
5 6 4 5 5 7 7 7 7 1 1 1 1 2 2 -1 #SUP: 5363
5 6 4 5 6 7 7 1 1 1 1 1 1 2 2 -1 #SUP: 5386
5 6 4 5 6 7 7 7 1 1 1 1 1 1 2 -1 #SUP: 5460
5 6 4 5 6 7 7 7 1 1 1 1 1 2 1 -1 #SUP: 5384
5 6 4 5 6 7 7 7 1 1 1 1 1 2 2 -1 #SUP: 5484
5 6 4 5 6 7 7 7 1 1 1 1 2 1 2 -1 #SUP: 5409
5 6 4 5 6 7 7 7 7 1 1 1 1 1 2 -1 #SUP: 5427
5 6 4 5 6 7 7 7 7 1 1 1 1 2 2 -1 #SUP: 5379
5 6 4 5 7 7 7 1 1 1 1 1 1 2 2 -1 #SUP: 5385
5 6 4 5 7 7 7 7 1 1 1 1 1 1 2 -1 #SUP: 5370
5 6 4 5 7 7 7 7 1 1 1 1 1 2 2 -1 #SUP: 5396
5 6 5 4 5 5 6 7 7 1 1 1 1 1 2 -1 #SUP: 5375
5 6 5 4 5 5 7 7 7 1 1 1 1 1 2 -1 #SUP: 5390
5 6 5 4 5 6 7 7 1 1 1 1 1 1 2 -1 #SUP: 5382
5 6 5 4 5 6 7 7 1 1 1 1 1 2 2 -1 #SUP: 5394
5 6 5 4 5 6 7 7 7 1 1 1 1 1 1 -1 #SUP: 5355
5 6 5 4 5 6 7 7 7 1 1 1 1 1 2 -1 #SUP: 5437
5 6 5 4 5 6 7 7 7 1 1 1 1 2 1 -1 #SUP: 5356
5 6 5 4 5 6 7 7 7 1 1 1 1 2 2 -1 #SUP: 5382
5 6 5 4 5 7 7 7 1 1 1 1 1 1 2 -1 #SUP: 5383
5 6 5 4 5 7 7 7 1 1 1 1 1 2 2 -1 #SUP: 5395
5 6 5 4 5 7 7 7 7 1 1 1 1 1 2 -1 #SUP: 5353
5 6 5 4 6 7 7 7 1 1 1 1 1 2 2 -1 #SUP: 5359
5 6 5 5 5 5 6 7 1 1 1 1 1 1 2 -1 #SUP: 5391
5 6 5 5 5 5 6 7 1 1 1 1 1 2 2 -1 #SUP: 5394
5 6 5 5 5 5 6 7 7 1 1 1 1 1 1 -1 #SUP: 5414
5 6 5 5 5 5 6 7 7 1 1 1 1 1 2 -1 #SUP: 5490
5 6 5 5 5 5 6 7 7 1 1 1 1 2 1 -1 #SUP: 5401
5 6 5 5 5 5 6 7 7 1 1 1 1 2 2 -1 #SUP: 5432
5 6 5 5 5 5 6 7 7 7 1 1 1 1 1 -1 #SUP: 5446
5 6 5 5 5 5 6 7 7 7 1 1 1 1 2 -1 #SUP: 5455
5 6 5 5 5 5 6 7 7 7 1 1 1 2 1 -1 #SUP: 5373
5 6 5 5 5 5 6 7 7 7 1 1 1 2 2 -1 #SUP: 5385
5 6 5 5 5 5 7 7 1 1 1 1 1 1 2 -1 #SUP: 5445
5 6 5 5 5 5 7 7 1 1 1 1 1 2 1 -1 #SUP: 5362
5 6 5 5 5 5 7 7 1 1 1 1 1 2 2 -1 #SUP: 5449
5 6 5 5 5 5 7 7 1 1 1 1 2 1 2 -1 #SUP: 5372
5 6 5 5 5 5 7 7 7 1 1 1 1 1 1 -1 #SUP: 5421
5 6 5 5 5 5 7 7 7 1 1 1 1 1 2 -1 #SUP: 5498
5 6 5 5 5 5 7 7 7 1 1 1 1 2 1 -1 #SUP: 5410
5 6 5 5 5 5 7 7 7 1 1 1 1 2 2 -1 #SUP: 5440
5 6 5 5 5 5 7 7 7 1 1 1 2 1 2 -1 #SUP: 5358
5 6 5 5 5 5 7 7 7 7 1 1 1 1 1 -1 #SUP: 5371
5 6 5 5 5 5 7 7 7 7 1 1 1 1 2 -1 #SUP: 5379
5 6 5 5 5 6 6 7 7 1 1 1 1 1 2 -1 #SUP: 5402
5 6 5 5 5 6 6 7 7 7 1 1 1 1 2 -1 #SUP: 5357
5 6 5 5 5 6 7 1 1 1 1 1 1 2 2 -1 #SUP: 5400
5 6 5 5 5 6 7 7 1 1 1 1 1 1 2 -1 #SUP: 5527
5 6 5 5 5 6 7 7 1 1 1 1 1 2 1 -1 #SUP: 5446
5 6 5 5 5 6 7 7 1 1 1 1 1 2 2 -1 #SUP: 5544
5 6 5 5 5 6 7 7 1 1 1 1 2 1 2 -1 #SUP: 5467
5 6 5 5 5 6 7 7 1 1 1 1 2 2 2 -1 #SUP: 5397
5 6 5 5 5 6 7 7 7 1 1 1 1 1 1 -1 #SUP: 5505
5 6 5 5 5 6 7 7 7 1 1 1 1 1 2 -1 #SUP: 5594
5 6 5 5 5 6 7 7 7 1 1 1 1 2 1 -1 #SUP: 5503
5 6 5 5 5 6 7 7 7 1 1 1 1 2 2 -1 #SUP: 5538
5 6 5 5 5 6 7 7 7 1 1 1 2 1 2 -1 #SUP: 5453
5 6 5 5 5 6 7 7 7 1 1 1 2 2 2 -1 #SUP: 5365
5 6 5 5 5 6 7 7 7 7 1 1 1 1 1 -1 #SUP: 5447
5 6 5 5 5 6 7 7 7 7 1 1 1 1 2 -1 #SUP: 5458
5 6 5 5 5 6 7 7 7 7 1 1 1 2 1 -1 #SUP: 5372
5 6 5 5 5 6 7 7 7 7 1 1 1 2 2 -1 #SUP: 5397
5 6 5 5 5 7 7 1 1 1 1 1 1 2 2 -1 #SUP: 5435
5 6 5 5 5 7 7 1 1 1 1 1 2 1 2 -1 #SUP: 5376
5 6 5 5 5 7 7 1 1 1 1 1 2 2 2 -1 #SUP: 5362
5 6 5 5 5 7 7 7 1 1 1 1 1 1 2 -1 #SUP: 5516
5 6 5 5 5 7 7 7 1 1 1 1 1 2 1 -1 #SUP: 5435
5 6 5 5 5 7 7 7 1 1 1 1 1 2 2 -1 #SUP: 5534
5 6 5 5 5 7 7 7 1 1 1 1 2 1 2 -1 #SUP: 5457
5 6 5 5 5 7 7 7 1 1 1 1 2 2 2 -1 #SUP: 5389
5 6 5 5 5 7 7 7 7 1 1 1 1 1 1 -1 #SUP: 5400
5 6 5 5 5 7 7 7 7 1 1 1 1 1 2 -1 #SUP: 5491
5 6 5 5 5 7 7 7 7 1 1 1 1 2 1 -1 #SUP: 5398
5 6 5 5 5 7 7 7 7 1 1 1 1 2 2 -1 #SUP: 5440
5 6 5 5 5 7 7 7 7 1 1 1 2 1 2 -1 #SUP: 5354
5 6 5 5 6 6 7 7 1 1 1 1 1 1 2 -1 #SUP: 5412
5 6 5 5 6 6 7 7 1 1 1 1 1 2 2 -1 #SUP: 5431
5 6 5 5 6 6 7 7 1 1 1 1 2 1 2 -1 #SUP: 5359
5 6 5 5 6 6 7 7 7 1 1 1 1 1 1 -1 #SUP: 5383
5 6 5 5 6 6 7 7 7 1 1 1 1 1 2 -1 #SUP: 5467
5 6 5 5 6 6 7 7 7 1 1 1 1 2 1 -1 #SUP: 5379
5 6 5 5 6 6 7 7 7 1 1 1 1 2 2 -1 #SUP: 5418
5 6 5 5 6 7 7 1 1 1 1 1 1 2 2 -1 #SUP: 5444
5 6 5 5 6 7 7 1 1 1 1 1 2 1 2 -1 #SUP: 5385
5 6 5 5 6 7 7 1 1 1 1 1 2 2 2 -1 #SUP: 5367
5 6 5 5 6 7 7 7 1 1 1 1 1 1 2 -1 #SUP: 5524
5 6 5 5 6 7 7 7 1 1 1 1 1 2 1 -1 #SUP: 5443
5 6 5 5 6 7 7 7 1 1 1 1 1 2 2 -1 #SUP: 5542
5 6 5 5 6 7 7 7 1 1 1 1 2 1 2 -1 #SUP: 5466
5 6 5 5 6 7 7 7 1 1 1 1 2 2 2 -1 #SUP: 5396
5 6 5 5 6 7 7 7 7 1 1 1 1 1 1 -1 #SUP: 5404
5 6 5 5 6 7 7 7 7 1 1 1 1 1 2 -1 #SUP: 5491
5 6 5 5 6 7 7 7 7 1 1 1 1 2 1 -1 #SUP: 5396
5 6 5 5 6 7 7 7 7 1 1 1 1 2 2 -1 #SUP: 5441
5 6 5 5 6 7 7 7 7 1 1 1 2 1 2 -1 #SUP: 5355
5 6 5 5 7 7 7 1 1 1 1 1 1 2 2 -1 #SUP: 5419
5 6 5 5 7 7 7 1 1 1 1 1 2 1 2 -1 #SUP: 5361
5 6 5 5 7 7 7 7 1 1 1 1 1 1 2 -1 #SUP: 5412
5 6 5 5 7 7 7 7 1 1 1 1 1 2 2 -1 #SUP: 5434
5 6 5 5 7 7 7 7 1 1 1 1 2 1 2 -1 #SUP: 5356
5 6 5 6 6 7 7 1 1 1 1 1 1 2 2 -1 #SUP: 5413
5 6 5 6 6 7 7 1 1 1 1 1 2 1 2 -1 #SUP: 5356
5 6 5 6 6 7 7 7 1 1 1 1 1 1 2 -1 #SUP: 5485
5 6 5 6 6 7 7 7 1 1 1 1 1 2 1 -1 #SUP: 5405
5 6 5 6 6 7 7 7 1 1 1 1 1 2 2 -1 #SUP: 5507
5 6 5 6 6 7 7 7 1 1 1 1 2 1 2 -1 #SUP: 5430
5 6 5 6 6 7 7 7 1 1 1 1 2 2 2 -1 #SUP: 5361
5 6 5 6 6 7 7 7 7 1 1 1 1 1 1 -1 #SUP: 5365
5 6 5 6 6 7 7 7 7 1 1 1 1 1 2 -1 #SUP: 5452
5 6 5 6 6 7 7 7 7 1 1 1 1 2 1 -1 #SUP: 5356
5 6 5 6 6 7 7 7 7 1 1 1 1 2 2 -1 #SUP: 5404
5 6 5 6 7 7 7 1 1 1 1 1 1 2 2 -1 #SUP: 5433
5 6 5 6 7 7 7 1 1 1 1 1 2 1 2 -1 #SUP: 5377
5 6 5 6 7 7 7 1 1 1 1 1 2 2 2 -1 #SUP: 5355
5 6 5 6 7 7 7 7 1 1 1 1 1 1 2 -1 #SUP: 5428
5 6 5 6 7 7 7 7 1 1 1 1 1 2 2 -1 #SUP: 5450
5 6 5 6 7 7 7 7 1 1 1 1 2 1 2 -1 #SUP: 5371
5 6 6 5 5 5 6 7 7 1 1 1 1 1 2 -1 #SUP: 5401
5 6 6 5 5 5 6 7 7 1 1 1 1 2 2 -1 #SUP: 5381
5 6 6 5 5 5 6 7 7 7 1 1 1 1 1 -1 #SUP: 5356
5 6 6 5 5 5 6 7 7 7 1 1 1 1 2 -1 #SUP: 5375
5 6 6 5 5 5 7 7 1 1 1 1 1 2 2 -1 #SUP: 5388
5 6 6 5 5 5 7 7 7 1 1 1 1 1 2 -1 #SUP: 5403
5 6 6 5 5 5 7 7 7 1 1 1 1 2 2 -1 #SUP: 5381
5 6 6 5 5 6 7 7 1 1 1 1 1 1 2 -1 #SUP: 5360
5 6 6 5 5 6 7 7 1 1 1 1 1 2 2 -1 #SUP: 5416
5 6 6 5 5 6 7 7 7 1 1 1 1 1 2 -1 #SUP: 5432
5 6 6 5 5 6 7 7 7 1 1 1 1 2 1 -1 #SUP: 5355
5 6 6 5 5 6 7 7 7 1 1 1 1 2 2 -1 #SUP: 5413
5 6 6 5 5 7 7 7 1 1 1 1 1 1 2 -1 #SUP: 5355
5 6 6 5 5 7 7 7 1 1 1 1 1 2 2 -1 #SUP: 5410
5 6 6 5 6 6 7 7 1 1 1 1 1 2 2 -1 #SUP: 5380
5 6 6 5 6 6 7 7 7 1 1 1 1 1 2 -1 #SUP: 5385
5 6 6 5 6 6 7 7 7 1 1 1 1 2 2 -1 #SUP: 5365
5 6 6 5 6 7 7 1 1 1 1 1 1 2 2 -1 #SUP: 5363
5 6 6 5 6 7 7 7 1 1 1 1 1 1 2 -1 #SUP: 5423
5 6 6 5 6 7 7 7 1 1 1 1 1 2 1 -1 #SUP: 5353
5 6 6 5 6 7 7 7 1 1 1 1 1 2 2 -1 #SUP: 5461
5 6 6 5 6 7 7 7 1 1 1 1 2 1 2 -1 #SUP: 5388
5 6 6 5 6 7 7 7 7 1 1 1 1 1 2 -1 #SUP: 5390
5 6 6 5 6 7 7 7 7 1 1 1 1 2 2 -1 #SUP: 5359
5 6 6 5 7 7 7 7 1 1 1 1 1 2 2 -1 #SUP: 5354
5 6 6 6 6 7 7 1 1 1 1 1 1 2 2 -1 #SUP: 5400
5 6 6 6 6 7 7 7 1 1 1 1 1 1 2 -1 #SUP: 5457
5 6 6 6 6 7 7 7 1 1 1 1 1 2 1 -1 #SUP: 5379
5 6 6 6 6 7 7 7 1 1 1 1 1 2 2 -1 #SUP: 5494
5 6 6 6 6 7 7 7 1 1 1 1 2 1 2 -1 #SUP: 5414
5 6 6 6 6 7 7 7 1 1 1 1 2 2 2 -1 #SUP: 5364
5 6 6 6 6 7 7 7 7 1 1 1 1 1 2 -1 #SUP: 5428
5 6 6 6 6 7 7 7 7 1 1 1 1 2 2 -1 #SUP: 5393
5 6 6 6 7 7 7 1 1 1 1 1 1 2 2 -1 #SUP: 5440
5 6 6 6 7 7 7 1 1 1 1 1 2 1 2 -1 #SUP: 5384
5 6 6 6 7 7 7 1 1 1 1 1 2 2 2 -1 #SUP: 5364
5 6 6 6 7 7 7 7 1 1 1 1 1 1 2 -1 #SUP: 5434
5 6 6 6 7 7 7 7 1 1 1 1 1 2 2 -1 #SUP: 5452
5 6 6 6 7 7 7 7 1 1 1 1 2 1 2 -1 #SUP: 5372
6 4 3 5 5 6 7 7 7 1 1 1 1 1 2 -1 #SUP: 5396
6 4 3 5 5 7 7 7 1 1 1 1 1 2 2 -1 #SUP: 5361
6 4 3 5 6 7 7 7 1 1 1 1 1 1 2 -1 #SUP: 5395
6 4 3 5 6 7 7 7 1 1 1 1 1 2 2 -1 #SUP: 5413
6 4 3 5 6 7 7 7 7 1 1 1 1 1 2 -1 #SUP: 5369
6 4 5 5 6 7 7 7 1 1 1 1 1 1 2 -1 #SUP: 5404
6 4 5 5 6 7 7 7 1 1 1 1 1 2 2 -1 #SUP: 5421
6 4 5 5 6 7 7 7 7 1 1 1 1 1 2 -1 #SUP: 5369
6 4 5 5 7 7 7 7 1 1 1 1 1 2 2 -1 #SUP: 5355
6 4 5 6 7 7 7 1 1 1 1 1 1 2 2 -1 #SUP: 5370
6 4 5 6 7 7 7 7 1 1 1 1 1 2 2 -1 #SUP: 5369
6 5 4 5 5 6 7 7 7 1 1 1 1 1 2 -1 #SUP: 5391
6 5 4 5 5 7 7 7 1 1 1 1 1 1 2 -1 #SUP: 5354
6 5 4 5 5 7 7 7 1 1 1 1 1 2 2 -1 #SUP: 5360
6 5 4 5 6 7 7 7 1 1 1 1 1 1 2 -1 #SUP: 5392
6 5 4 5 6 7 7 7 1 1 1 1 1 2 2 -1 #SUP: 5402
6 5 5 5 5 6 7 7 1 1 1 1 1 1 2 -1 #SUP: 5453
6 5 5 5 5 6 7 7 1 1 1 1 1 2 1 -1 #SUP: 5370
6 5 5 5 5 6 7 7 1 1 1 1 1 2 2 -1 #SUP: 5456
6 5 5 5 5 6 7 7 1 1 1 1 2 1 2 -1 #SUP: 5380
6 5 5 5 5 6 7 7 7 1 1 1 1 1 1 -1 #SUP: 5423
6 5 5 5 5 6 7 7 7 1 1 1 1 1 2 -1 #SUP: 5500
6 5 5 5 5 6 7 7 7 1 1 1 1 2 1 -1 #SUP: 5412
6 5 5 5 5 6 7 7 7 1 1 1 1 2 2 -1 #SUP: 5445
6 5 5 5 5 6 7 7 7 1 1 1 2 1 2 -1 #SUP: 5363
6 5 5 5 5 6 7 7 7 7 1 1 1 1 1 -1 #SUP: 5361
6 5 5 5 5 6 7 7 7 7 1 1 1 1 2 -1 #SUP: 5374
6 5 5 5 5 7 7 1 1 1 1 1 1 2 2 -1 #SUP: 5380
6 5 5 5 5 7 7 7 1 1 1 1 1 1 2 -1 #SUP: 5457
6 5 5 5 5 7 7 7 1 1 1 1 1 2 1 -1 #SUP: 5374
6 5 5 5 5 7 7 7 1 1 1 1 1 2 2 -1 #SUP: 5461
6 5 5 5 5 7 7 7 1 1 1 1 2 1 2 -1 #SUP: 5386
6 5 5 5 5 7 7 7 7 1 1 1 1 1 2 -1 #SUP: 5419
6 5 5 5 5 7 7 7 7 1 1 1 1 2 2 -1 #SUP: 5369
6 5 5 5 6 6 7 7 1 1 1 1 1 2 2 -1 #SUP: 5358
6 5 5 5 6 6 7 7 7 1 1 1 1 1 2 -1 #SUP: 5389
6 5 5 5 6 7 7 1 1 1 1 1 1 2 2 -1 #SUP: 5444
6 5 5 5 6 7 7 1 1 1 1 1 2 1 2 -1 #SUP: 5385
6 5 5 5 6 7 7 1 1 1 1 1 2 2 2 -1 #SUP: 5363
6 5 5 5 6 7 7 7 1 1 1 1 1 1 2 -1 #SUP: 5524
6 5 5 5 6 7 7 7 1 1 1 1 1 2 1 -1 #SUP: 5443
6 5 5 5 6 7 7 7 1 1 1 1 1 2 2 -1 #SUP: 5541
6 5 5 5 6 7 7 7 1 1 1 1 2 1 2 -1 #SUP: 5466
6 5 5 5 6 7 7 7 1 1 1 1 2 2 2 -1 #SUP: 5391
6 5 5 5 6 7 7 7 7 1 1 1 1 1 1 -1 #SUP: 5393
6 5 5 5 6 7 7 7 7 1 1 1 1 1 2 -1 #SUP: 5484
6 5 5 5 6 7 7 7 7 1 1 1 1 2 1 -1 #SUP: 5391
6 5 5 5 6 7 7 7 7 1 1 1 1 2 2 -1 #SUP: 5434
6 5 5 5 7 7 7 1 1 1 1 1 1 2 2 -1 #SUP: 5425
6 5 5 5 7 7 7 1 1 1 1 1 2 1 2 -1 #SUP: 5366
6 5 5 5 7 7 7 7 1 1 1 1 1 1 2 -1 #SUP: 5412
6 5 5 5 7 7 7 7 1 1 1 1 1 2 2 -1 #SUP: 5434
6 5 5 5 7 7 7 7 1 1 1 1 2 1 2 -1 #SUP: 5357
6 5 5 6 6 7 7 7 1 1 1 1 1 1 2 -1 #SUP: 5404
6 5 5 6 6 7 7 7 1 1 1 1 1 2 2 -1 #SUP: 5422
6 5 5 6 6 7 7 7 7 1 1 1 1 1 2 -1 #SUP: 5357
6 5 5 6 7 7 7 1 1 1 1 1 1 2 2 -1 #SUP: 5428
6 5 5 6 7 7 7 1 1 1 1 1 2 1 2 -1 #SUP: 5370
6 5 5 6 7 7 7 7 1 1 1 1 1 1 2 -1 #SUP: 5406
6 5 5 6 7 7 7 7 1 1 1 1 1 2 2 -1 #SUP: 5428
6 5 5 6 7 7 7 7 1 1 1 1 2 1 2 -1 #SUP: 5353
6 5 6 6 7 7 7 1 1 1 1 1 1 2 2 -1 #SUP: 5383
6 5 6 6 7 7 7 7 1 1 1 1 1 1 2 -1 #SUP: 5365
6 5 6 6 7 7 7 7 1 1 1 1 1 2 2 -1 #SUP: 5390
6 6 4 5 6 7 7 7 1 1 1 1 1 2 2 -1 #SUP: 5383
6 6 5 5 5 6 7 7 1 1 1 1 1 1 2 -1 #SUP: 5386
6 6 5 5 5 6 7 7 1 1 1 1 1 2 2 -1 #SUP: 5440
6 6 5 5 5 6 7 7 1 1 1 1 2 1 2 -1 #SUP: 5367
6 6 5 5 5 6 7 7 7 1 1 1 1 1 1 -1 #SUP: 5355
6 6 5 5 5 6 7 7 7 1 1 1 1 1 2 -1 #SUP: 5454
6 6 5 5 5 6 7 7 7 1 1 1 1 2 1 -1 #SUP: 5373
6 6 5 5 5 6 7 7 7 1 1 1 1 2 2 -1 #SUP: 5436
6 6 5 5 5 6 7 7 7 1 1 1 2 1 2 -1 #SUP: 5356
6 6 5 5 5 7 7 7 1 1 1 1 1 1 2 -1 #SUP: 5382
6 6 5 5 5 7 7 7 1 1 1 1 1 2 2 -1 #SUP: 5436
6 6 5 5 5 7 7 7 1 1 1 1 2 1 2 -1 #SUP: 5362
6 6 5 5 5 7 7 7 7 1 1 1 1 1 2 -1 #SUP: 5359
6 6 5 5 6 7 7 1 1 1 1 1 1 2 2 -1 #SUP: 5363
6 6 5 5 6 7 7 7 1 1 1 1 1 1 2 -1 #SUP: 5406
6 6 5 5 6 7 7 7 1 1 1 1 1 2 2 -1 #SUP: 5460
6 6 5 5 6 7 7 7 1 1 1 1 2 1 2 -1 #SUP: 5389
6 6 5 5 6 7 7 7 7 1 1 1 1 1 2 -1 #SUP: 5371
6 6 5 5 6 7 7 7 7 1 1 1 1 2 2 -1 #SUP: 5355
6 6 5 5 7 7 7 7 1 1 1 1 1 2 2 -1 #SUP: 5355
6 6 5 6 6 7 7 7 1 1 1 1 1 2 2 -1 #SUP: 5398
6 6 5 6 7 7 7 1 1 1 1 1 1 2 2 -1 #SUP: 5375
6 6 5 6 7 7 7 7 1 1 1 1 1 2 2 -1 #SUP: 5376
6 6 6 6 7 7 7 1 1 1 1 1 1 2 2 -1 #SUP: 5386
6 6 6 6 7 7 7 7 1 1 1 1 1 1 2 -1 #SUP: 5358
6 6 6 6 7 7 7 7 1 1 1 1 1 2 2 -1 #SUP: 5397
